2191
2597
2768
2579
2355
2648
2987
2484
2616
2362
3487
2464
2471
2769
2838
2238
2419
2791
2762
2966
2626
2823
2388
2636
2625
2274
2579
2472
2354
2575
2299
2474
2546
2507
2673
2259
2710
2540
2222
2284
2600
2395
2257
2626
2520
2406
2814
2579
2393
2682
2730
2416
2473
2607
3022
2578
2466
2855
2409
2916
2277
2467
2882
2437
3006
2789
2410
2526
2555
2743
2853
3343
2559
2926
2351
2693
2331
2666
2482
2635
3311
2354
2529
2839
2561
2464
2428
2306
2665
2437
2819
2743
2770
2951
2440
2667
2793
2389
2474
2983
2688
2594
2563
2465
2825
2885
2627
2803
3084
2946
2646
2488
2320
2538
2613
2629
2522
2855
3103
2599
2284
2471
2594
2184
2693
2402
2249
2855
2533
2829
2316
2405
3347
2336
2526
2562
2866
2456
2523
2689
2624
2418
2635
2256
2753
2712
2527
2715
2390
2351
3276
2273
2439
2463
3133
2498
2348
2553
2232
2292
2379
2856
2810
3952
2638
3016
2423
2248
2287
2838
2299
2328
2383
2341
2674
2926
2557
2942
2453
2752
2563
2729
2662
2638
2329
2501
2388
2643
2376
2745
2958
2555
3093
2442
2411
2567
2461
2808
2614
2795
