2385
2341
2872
2483
2481
2366
2687
2448
2452
2463
2423
2479
2453
2371
2530
2825
2665
2477
2632
2443
2702
2809
2533
2637
2887
2719
2823
2758
2303
2517
2520
2733
2648
2514
2356
2856
2704
2696
3072
2550
2569
2461
2468
2549
2466
2525
2566
2400
3411
2414
2548
2930
3118
2662
2494
2435
2484
2606
2500
2357
2490
2924
2745
2458
2450
2670
2425
2421
2666
2848
2424
2640
2593
2557
2390
2623
2375
2543
2765
2711
2922
2550
2750
2853
2570
2579
2404
2460
2793
2778
2516
2669
2554
2851
2594
2889
2602
2509
2688
2704
3014
3010
2450
2634
2653
2335
2738
2548
2519
2585
2957
2512
2399
2712
2998
3170
2471
2319
2241
2361
2793
2397
2629
2567
2569
2503
2533
2434
2891
2706
2462
2384
2477
2291
2543
2572
2555
2431
2305
2729
2611
2562
2586
2623
2462
2593
2730
2371
2549
3030
2344
2533
2482
2673
2578
2680
2369
2419
2360
2622
2511
2602
3349
2627
2441
2251
2371
2838
2792
2820
2296
2488
2730
2517
2610
2458
2520
2570
2442
2556
2598
2534
2762
2699
2675
2531
2369
2856
2251
2624
2484
2545
2520
2479
2576
2539
2421
2244
2370
2441
