2235
2503
2491
2827
2733
2629
2363
2490
2420
2733
2638
2681
2508
2710
2396
2342
2516
2534
2679
2603
2350
2387
2570
2506
2553
2390
2532
2693
2658
2727
2485
2336
2254
2523
2481
2368
2827
2962
2400
2538
2773
2666
2926
2387
2379
2404
2445
2481
2805
2543
2486
2619
3339
2918
2970
2660
2342
2702
2217
2408
2591
2264
2475
2570
2610
2578
2284
2376
2747
2572
2667
2520
2458
2315
2481
2551
2649
2420
2355
2823
2786
2582
2869
2420
2318
2427
2778
2702
2578
2357
2849
2628
2434
2414
2863
2718
2476
2392
2433
2662
2642
2949
2695
2772
2691
2506
2962
2473
2874
2339
2523
2197
2377
2448
2562
2537
3008
2497
2519
2367
3012
3168
2345
2393
2863
2772
2683
2732
2552
2448
2785
2472
2476
2865
2479
2501
2425
2362
2538
2437
2780
2599
3149
2448
2744
3102
2222
2235
2570
3041
3061
2403
2331
2244
2496
2324
2307
2282
2900
2790
2733
2728
2643
2507
2798
2637
2775
2498
2422
2613
2421
2684
2533
2702
2829
2752
3008
2749
2665
2625
2707
2388
2600
2195
2304
2530
2748
2207
2613
2486
2506
2544
2690
2685
2371
2785
2213
2289
2690
2394
