2662
2569
2698
2802
2299
2417
2567
2438
2749
2447
2803
2693
2652
2556
2685
3174
2927
2452
2473
2411
3030
2709
2327
2687
2615
2523
2446
2423
2539
2685
2624
2415
2332
2441
2306
2563
2309
2638
2180
2223
2414
2272
2540
2663
3632
2747
2554
2210
2803
2442
2288
2593
2257
2261
3579
2803
3136
2430
2360
2587
2289
2244
2645
2219
2556
2484
2643
2346
3017
2596
2562
2545
2737
2552
2231
2784
2732
2850
2605
2483
2560
2244
2847
2566
2572
2583
2987
2352
2476
2588
2792
2298
2594
2455
2940
2444
2566
2326
2750
3181
2756
2304
2482
2288
2601
2226
2542
2656
2616
2494
2567
2372
3348
2469
2592
2505
2733
2254
2521
2780
2206
2498
3389
2844
2579
2585
2622
2556
2763
2581
2399
2547
3340
2883
2784
2412
2966
2430
2480
2147
2700
2794
3069
2912
2526
2734
2510
2453
2505
2241
2711
2483
2613
2977
2564
2321
2600
2916
2211
2629
2458
2274
2632
2746
2712
2968
2530
3328
2523
3064
2649
2599
3442
2608
2444
2426
2258
2156
2832
2463
2451
2305
2637
2710
2323
2477
2374
2718
2371
2519
2410
2594
2812
2698
2839
2929
2633
2553
2328
2630
