2584
2704
2420
2563
2349
2477
2310
2530
2601
2584
2357
2615
2404
2653
2295
2384
2754
2416
2818
2653
2375
2914
2689
2425
2367
2415
2526
2768
2604
2828
2286
2761
3254
2539
2226
2401
2629
2807
2277
2745
2897
2520
2741
2347
2784
2544
2288
2455
2367
2672
2757
2571
2678
2528
2754
2692
2225
2418
2435
2533
2522
2696
2709
2692
2857
2493
2704
2727
2621
2511
2805
2602
2415
2481
3503
2418
2426
2754
2812
2470
2894
2755
2744
2518
2193
2783
2661
2827
2334
2505
2726
3090
2864
2492
2483
2369
2461
2401
2599
2652
2742
2432
3189
3005
2590
2508
2752
2487
2406
2850
2384
2428
2366
2468
2335
2624
2483
2728
2509
2586
2493
2764
2422
2374
2273
2485
2838
2567
2598
2570
2409
3022
2587
2341
2454
2416
2638
2453
2591
2407
2538
2241
2663
2500
2647
2515
2496
2596
2403
2708
2915
2460
2264
2618
2803
2680
2472
2432
2402
2611
2683
2626
2615
2586
2363
2871
2573
2840
2624
2645
2370
2903
2830
2483
2490
2213
2865
2644
2397
2593
2246
2491
2596
2737
2840
2507
2898
2392
3003
2615
2689
2640
2595
2406
2389
2494
2350
2562
2482
2508
