2459
2659
2691
2454
2582
2480
2893
2509
2527
2610
2621
2487
2444
2590
2437
2488
2426
2827
2789
2521
2518
2458
2447
2440
2489
2844
2454
2288
2307
2350
2642
2757
2516
2533
2357
2724
2467
2540
2776
3295
2591
2644
2997
2369
2380
2461
2730
2484
2790
2622
2312
3057
2974
2732
2431
2944
2790
2626
2344
2471
2368
2457
2801
2552
2675
2748
2730
3025
2971
2560
2619
2383
2536
2606
2890
2722
2697
2641
2892
2423
2536
2568
2635
2617
2570
3061
2544
2682
2817
2453
2712
3077
2936
2849
2532
2276
2439
2748
2730
2378
2454
2421
2665
2577
2520
2478
2528
2499
2552
2439
2579
2550
2721
2411
2599
2934
2486
2483
2759
2480
2405
2231
2508
2530
2579
2576
2914
2660
2579
2371
2778
2684
2703
2687
2944
2622
2623
2345
2824
2587
3288
2644
2521
2661
2371
2556
2940
2637
2392
2557
2572
2481
2560
2638
2597
2933
2761
2726
2456
2576
2833
2603
2614
2467
2614
2770
2702
2621
2716
2623
2680
2847
3139
2267
2494
2486
2398
2351
2775
2354
2723
2469
2516
2485
2716
2737
2287
2933
2909
2883
2391
2397
2438
2654
2577
2945
2502
2443
2863
2355
