2401
2553
2468
2456
2402
2572
2517
2800
2554
2492
2474
2399
2306
2544
2605
2562
2564
2491
3060
2385
2429
2592
2738
2429
2389
2496
2402
2386
2466
2525
2409
2558
2404
2693
2346
2823
2392
2483
2452
2538
2519
2512
2436
2577
2564
2660
2561
2684
2395
2519
2673
2429
2515
2559
2442
2388
2736
2529
2657
2482
2608
2720
2355
2744
2430
2407
2501
2480
2431
2602
2432
2310
2416
2667
2376
2745
2302
2665
2659
2576
2583
2483
2460
2627
2326
2371
2330
2599
2463
2545
2474
2477
2553
2618
2440
2458
2470
2485
2377
2626
2524
2514
2529
2434
2495
2400
2370
2413
2459
2559
2444
2621
2667
2284
2412
2536
2361
2385
2699
2535
2396
2608
2544
2439
2720
2443
2444
2401
2708
2375
2384
2915
2588
2694
2612
2381
2482
2490
2421
2299
2409
2544
2345
2560
2725
2602
2488
2544
2777
2375
2443
2415
2522
2474
2647
2445
2470
2549
2510
2603
2394
2571
2412
2503
2380
2451
2473
2474
2538
2496
2447
2508
2395
2462
2546
2478
2489
2391
2491
2338
2418
2535
2633
2546
2516
2488
2546
2337
2588
2502
2548
2414
2599
2412
2399
2517
2568
2741
2708
2522
2407
2321
2509
2289
2559
2386
2756
2637
2754
2462
2372
2372
2902
2532
2402
2317
2370
2412
2407
2455
2704
2451
2450
2479
2416
2417
2449
2473
2491
2803
2702
2440
2407
2592
3007
2661
2639
2477
2600
2371
2750
2542
2433
2568
2392
2713
2514
2415
2748
2762
2358
2489
2384
2746
2440
2611
2432
2538
2423
2371
2429
2492
2470
2433
2587
2497
2516
2681
2546
2484
2532
2754
2281
2587
2358
2450
2614
2474
2481
2426
2348
2701
2460
2510
2588
2472
2447
2703
2596
2589
2386
2618
2350
2411
2483
2834
2490
2416
2904
2430
2654
2457
2713
2454
2787
2467
2350
2416
2681
2478
2455
2522
2425
2437
2418
2669
2487
2529
2577
2656
2634
2410
2467
2523
2480
2368
2481
2525
2450
2480
2462
2735
2571
2371
2526
2586
2430
2406
2543
2486
2548
2778
2483
2356
2518
2428
2394
2478
2306
2479
2475
2658
2390
2535
2538
2551
2423
2488
2470
2578
2645
2492
2821
2442
2738
2471
2467
2672
2420
2427
2365
2422
2873
2605
2529
2415
2426
2386
2401
2544
2522
2516
2420
2429
2678
2601
2668
2414
2622
2377
2483
2402
2356
2533
2553
2664
2389
2429
2417
2439
2380
2372
2468
2352
2358
2569
2572
2310
2507
2452
2474
2491
2480
2422
2571
2368
2479
2368
2393
2350
2486
2428
2553
2599
2550
2581
2368
2438
2659
2365
2360
2481
2567
2459
2286
2408
2428
2514
2428
2539
2621
2360
2511
2503
2687
2525
2434
2447
2539
2385
2584
2518
2485
2384
2391
2549
2518
2378
2383
2531
2615
2647
2544
2380
2379
2412
2432
2522
2451
2401
2303
2367
2539
2524
2425
2513
2396
2433
2415
2344
2762
2445
2370
2539
2514
2490
2463
2261
2549
2510
2384
2401
2594
2459
2358
2485
2467
2392
2399
2485
