2526
2611
2470
2439
2421
2432
2756
2789
2568
2641
2492
2494
2627
2407
2565
2426
2618
2529
2695
2511
2609
2415
2435
2453
2558
2576
2404
2593
2666
2700
2688
2395
2525
2481
2468
2624
2439
2558
2543
2643
2430
2385
2455
2474
2476
2460
2752
2368
2537
2600
2551
2554
2515
2342
2440
2573
2460
2540
2811
2494
2372
2515
2574
2565
2485
2532
2699
2436
2498
2601
2518
2385
2598
2471
2453
2493
2304
2465
2742
2478
2455
2995
2377
2421
2630
2399
2432
2507
2848
2592
2577
2595
2621
2604
2519
2449
2313
2336
2593
2391
2509
2639
2468
2488
2484
2390
2653
2724
2560
2608
2510
2532
2388
2494
2714
2435
2431
2697
3026
2393
2727
2621
2306
2395
2432
2534
2433
2373
2628
2495
2477
2420
2541
2507
2641
2348
2700
2607
2883
2502
2690
2708
2936
2483
2400
2532
2444
2685
2567
2738
2491
2440
2439
2925
2627
2366
2572
2390
2777
2406
2660
2722
2534
2384
2414
2621
2413
3015
2505
2428
2459
2726
2347
2484
2456
2440
2668
2434
2645
2399
2434
2465
2498
2478
2565
2485
2749
2448
2493
2539
2497
2702
2472
2410
2788
2432
2556
2468
2632
2471
2427
2523
2610
2401
2432
2572
2384
2448
2567
2448
2640
2370
2453
2529
2682
2591
2611
2517
2478
2743
2350
2604
2717
2345
2672
2534
2551
2516
2609
2446
2682
2745
2615
2438
2337
2576
2513
2366
2605
2611
2567
2590
2505
2494
2633
2446
2445
2596
2411
2347
2378
2503
2583
2784
2339
2594
2687
2561
2450
2707
2404
2324
2748
2479
2408
2736
2426
2358
2540
3078
2567
2514
2421
2571
2364
2623
2472
2713
2486
2560
2606
2742
2394
2334
2712
2395
2657
2533
2616
2732
2474
2660
2671
2437
2423
2973
2659
2475
2508
2492
2800
3234
2666
2477
2801
2633
2715
2639
2912
2548
2488
2425
2535
2406
2594
2622
2742
2471
2454
2434
2595
2556
2562
2594
2415
2617
2567
2597
2733
2536
2708
2500
2632
2619
2698
2664
2409
2448
2657
2343
2553
2673
3011
2490
2469
2718
2451
2420
2672
2489
2503
2775
2583
2609
2579
2464
2710
2449
2429
2844
2545
2622
2497
2706
2702
2478
2511
2395
2469
2462
2680
2420
2361
3235
2666
2508
2348
2486
2707
2441
2633
2484
2497
2711
2403
2455
2532
2580
2525
2483
2388
2423
2863
2451
2848
2731
2602
2456
2597
2455
2465
2453
2600
2494
2412
2322
2383
2396
2702
2469
2428
2647
2499
2433
2516
2318
2522
2571
2533
2835
2504
2470
2471
2366
2881
2432
2536
2361
2373
2281
2398
2417
2569
2387
2657
2644
2673
2509
2381
2793
2518
2599
2681
2313
2435
2471
2486
2447
2545
2513
2467
2698
2599
2409
2459
2727
2432
2439
2305
2562
2647
2636
2455
2483
2392
2663
2482
2758
2563
2718
2503
2428
2514
2594
2387
2547
2599
2586
2555
2549
2666
2404
2559
2467
2458
2346
2343
2442
2356
2363
2444
2586
2631
2465
2518
2564
2575
2419
2630
2649
