2606
2463
2399
2428
2698
2583
2580
2713
2446
2443
2492
2425
2559
2574
2554
2548
2812
2480
2380
2941
2874
2746
2688
2534
2445
2579
2498
2607
2485
2530
2449
2623
2488
2375
2762
2659
2580
2376
2639
2666
2512
2520
2479
2541
2724
2548
2635
2497
2571
2773
2673
2580
2571
2566
2570
2596
2602
2473
2623
2589
2584
2470
2388
2390
2679
2441
2548
2704
2526
2681
2428
2510
2566
2731
2743
2536
2631
2863
2463
2478
2515
2848
2457
2722
2641
2683
2465
2560
2639
2616
3107
2552
2776
2619
2508
2550
2493
2579
2459
2588
2548
2483
2776
2676
2778
2465
2809
2397
2552
2661
2658
2401
2416
2708
2540
2512
2452
2508
2433
2575
2960
2628
2639
2362
2630
2486
2459
2706
2480
2563
2485
2417
2838
2855
2842
2574
2888
3056
2558
2663
2502
2726
2632
2602
3607
2528
2569
2773
2511
2780
2604
2467
2581
2766
2686
2379
2492
2604
2538
2754
2565
2888
2556
2366
2399
2564
2451
2411
2737
2487
2568
2964
2479
2625
2850
2497
2564
2598
2481
2607
2742
2589
2528
2460
2533
2582
2448
2432
2597
2659
2482
2772
2394
2640
2740
2531
2715
2401
2533
2554
2404
2525
2647
2531
2561
2634
2496
2410
2643
2422
2667
2662
2460
2599
2666
2518
2811
2488
2491
2500
2418
2652
2483
2496
2600
2719
2408
2513
2602
2397
2686
2508
2501
2599
2582
2715
2553
2651
2784
2903
2476
2526
2633
2756
2687
2673
2361
2521
2714
2601
2685
2400
2663
2479
2383
2385
2614
2602
2648
2673
2519
2575
2395
2597
2545
2624
2728
2621
3247
2499
2990
2481
2749
2670
2466
2447
2771
2619
2489
2622
2374
2451
2720
2622
2722
2459
3029
2570
2653
2469
2469
2449
2826
2773
2775
2614
2429
2450
2512
2443
2709
2720
2530
2565
2611
2757
2487
2507
2509
2867
2766
2506
2807
2599
2572
2548
2644
2444
2459
2378
2442
2562
2613
2596
2522
2509
2470
2363
2551
2610
2787
2530
2760
2558
2494
2678
2653
2706
2454
2644
2337
2561
2811
2433
2718
2453
2520
2475
2405
2512
2655
2655
2605
2526
2664
2487
2635
2417
2401
2684
2586
2635
2555
2734
2611
2697
2566
2502
2595
2356
2585
2515
2592
2504
2685
2402
2643
2766
2634
2799
2579
2880
2825
2449
2480
2418
2496
2580
2552
2792
2518
2679
2656
2430
2685
2431
3101
2508
2741
2404
2675
2638
2437
2596
2807
2499
2574
2522
2479
2545
2518
2531
2786
2559
2414
2621
2577
2518
2579
2587
2669
2626
2553
2584
2456
2659
2499
2403
2735
2419
2556
2464
2946
2874
2437
2556
2379
2375
2515
2660
2512
2792
2852
2678
2413
2550
2516
2619
2447
2608
2593
2711
2572
2568
2433
2619
2587
2677
2490
2517
2752
2557
2502
2604
2439
2564
2508
2443
2474
2676
2691
2504
2619
2449
2665
2687
2644
2523
2429
2619
2724
2610
2462
2445
2522
2564
2506
2394
2733
2525
2504
2777
2440
2415
2367
2543
2589
2586
2833
2528
