2423
2453
2340
2437
2363
2432
2508
2583
2519
2455
2825
2351
2409
2442
2630
2413
2470
2419
2350
2465
2434
2460
2799
2829
2346
2482
2556
2359
2561
2539
2682
2537
2464
2414
2392
2513
2417
2356
2767
2549
2443
2528
2543
2585
2431
2704
2459
2555
2578
2457
2503
2587
2528
2601
2470
2585
2540
2430
2542
2644
2445
2719
2813
2734
2414
2412
2527
2432
2415
2659
2356
2567
2554
2369
2377
2442
2468
2713
2368
2472
2549
2443
2408
2572
3099
2604
2585
2544
2430
2398
2538
2452
2444
2467
2404
2535
2621
2483
2485
2543
2706
2518
2610
2485
2624
2610
2406
2671
2607
2374
2486
2377
2473
2366
2780
2488
2369
2514
2487
2520
2383
2426
2365
2988
2429
2408
2686
2388
2352
2349
2522
2377
2365
2957
2373
2605
2663
2625
2510
2528
2551
2434
2554
2403
2465
2473
2491
2449
2582
2539
2598
2457
2437
2341
2478
2896
2433
2357
2584
2425
2567
2779
2382
2422
2402
2415
2526
2409
2618
2593
2513
2485
2478
2608
2534
2350
2439
2440
2372
2627
2307
2493
2668
2449
2448
2409
2457
2312
2562
2355
2601
2369
2403
2613
2422
2569
2498
2405
2535
2633
2519
2658
2382
2489
2398
2592
2741
2573
2528
2530
2468
2344
2460
2836
2614
2405
2420
2632
2409
2535
2675
2537
2396
2587
2559
2517
2359
2431
2707
2400
2849
2461
2478
2615
2449
2352
2639
2396
2601
2540
2493
2492
2500
2568
2474
2437
2559
2514
2415
2353
2662
2392
2427
2465
2401
2717
2593
2452
2452
2494
2637
2523
2484
2631
2560
2494
2286
2307
2595
2860
2553
2417
2336
2501
2690
2511
2357
2531
2438
2628
2521
2562
2518
2466
2456
2395
2362
2574
2432
2364
2428
2478
2366
2496
2463
2365
2444
2380
2370
2567
2461
2448
2428
2562
2368
2487
2410
2387
2510
2427
2478
2430
2365
2349
2492
2408
2558
2332
2603
2502
2452
2434
2452
2494
2376
2496
2344
2351
2352
2515
2380
2615
2503
2267
2728
2414
2705
2429
2428
2532
2406
2494
2495
2465
2423
2483
2366
2514
2596
2549
2664
2482
2638
2589
2277
2503
2355
2378
2514
2499
2496
2460
2463
2415
2624
2395
2457
2717
2428
2426
2522
2544
2817
2499
2653
2407
2451
2331
2595
2397
2585
2593
2678
2367
2632
2562
2430
2584
2526
2518
2338
2803
2455
2496
2354
2466
2375
2401
2495
2412
2446
2685
2324
2472
2393
2440
2490
2408
2441
2412
2359
2580
2542
2528
2597
2593
2431
2424
2391
2385
2406
2574
2645
2513
2447
2476
2443
2399
2520
2656
2416
2484
2320
2609
2382
2712
2470
2406
2400
2405
2406
2318
2366
2370
2439
2420
2585
2508
2420
2368
2423
2539
2358
2719
2372
2416
2620
2368
2617
2458
2536
2559
2698
2430
2387
2390
2636
2328
2663
2433
2254
2364
2485
2478
2373
2544
2417
2525
2418
2993
2395
2540
2715
2325
2496
2498
2654
2520
2530
2731
2432
2362
2584
2474
2568
2457
2525
2426
2718
2670
