2320
2329
2249
2323
2304
2341
2282
2291
2306
2275
2248
2443
2228
2311
2233
2367
2275
2354
2348
2276
2233
2189
2325
2273
2277
2266
2374
2351
2277
2340
2244
2297
2198
2283
2290
2244
2347
2260
2285
2378
2274
2458
2291
2368
2433
2354
2350
2268
2230
2346
2427
2229
2323
2278
2330
2247
2319
2238
2438
2356
2267
2215
2254
2336
2229
2322
2316
2346
2261
2344
2269
2235
2262
2244
2330
2287
2327
2282
2253
2277
2284
2289
2423
2382
2295
2347
2270
2314
2322
2312
2307
2274
2318
2243
2227
2300
2315
2267
2274
2251
2275
2266
2243
2357
2433
2365
2371
2261
2277
2244
2278
2291
2333
2314
2272
2234
2312
2344
2371
2278
2337
2310
2359
2537
2307
2278
2351
2262
2328
2309
2254
2294
2347
2382
2270
2285
2273
2400
2282
2270
2281
2238
2284
2327
2315
2303
2338
2365
2356
2365
2280
2438
2348
2379
2265
2251
2364
2238
2310
2240
2190
2243
2304
2307
2293
2230
2318
2320
2246
2254
2259
2396
2233
2265
2335
2301
2220
2250
2251
2282
2397
2320
2288
2291
2367
2335
2293
2311
2312
2409
2354
2292
2351
2332
2293
2401
2376
2254
2251
2234
2264
2316
2272
2271
2249
2426
2222
2395
2270
2288
2397
2235
2238
2321
2343
2409
2340
2291
2326
2392
2286
2366
2285
2325
2362
2205
2232
2283
2413
2305
2348
2360
2268
2306
2325
2342
2375
2395
2260
2376
2273
2197
2352
2344
2465
2295
2351
2365
2309
2309
2268
2268
2310
2305
2489
2266
2417
2375
2345
2359
2245
2324
2260
2365
2347
2332
2281
2252
2261
2311
2337
2299
2269
2249
2359
2260
2486
2317
2318
2411
2359
2249
2333
2315
2328
2349
2269
2342
2247
2404
2347
2280
2272
2300
2293
2388
2243
2239
2342
2283
2344
2292
2345
2278
2369
2262
2252
2296
2247
2316
2394
2274
2294
2300
2390
2306
2588
2224
2238
2285
2334
2299
2370
2328
2302
2392
2242
2333
2392
2285
2379
2308
2269
2293
2288
2249
2240
2267
2360
2246
2289
2348
2374
2265
2356
2287
2378
2233
2284
2268
2293
2429
2343
2287
2318
2298
2299
2304
2347
2285
2260
2371
2312
2276
2359
2303
2264
2226
2302
2234
2380
2339
2343
2318
2299
2441
2338
2329
2214
2266
2288
2376
2212
2275
2218
2193
2328
2266
2228
2263
2381
2417
2233
2346
2413
2438
2371
2306
2202
2257
2304
2327
2285
2226
2288
2344
2338
2280
2232
2326
2265
2298
2346
2307
2410
2346
2321
2362
2324
2245
2245
2354
2401
2368
2324
2310
2277
2302
2240
2297
2252
2293
2312
2306
2280
2286
2279
2307
2299
2334
2311
2188
2413
2286
2402
2320
2267
2359
2210
2362
2332
2432
2370
2313
2479
2367
2355
2388
2329
2338
2305
2349
2343
2346
2275
2271
2313
2351
2253
2397
2261
2375
2345
2326
2301
2332
2215
2249
2312
2290
2249
2256
2254
2363
2329
2335
2303
2348
2347
2272
2323
2290
2259
2280
2237
2253
2278
2333
2284
2349
