2303
2288
2370
2269
2346
2485
2350
2331
2334
2386
2284
2436
2255
2345
2279
2324
2367
2329
2266
2198
2297
2362
2375
2409
2374
2337
2285
2323
2362
2315
2378
2287
2376
2344
2480
2397
2434
2253
2274
2231
2266
2276
2291
2430
2447
2322
2370
2244
2338
2313
2283
2303
2317
2302
2382
2243
2300
2356
2420
2293
2338
2435
2248
2296
2338
2340
2365
2245
2397
2336
2278
2399
2369
2284
2310
2289
2324
2295
2391
2226
2302
2391
2314
2219
2285
2331
2593
2343
2293
2330
2355
2343
2254
2351
2354
2310
2322
2288
2420
2269
2298
2363
2311
2242
2240
2237
2306
2252
2461
2350
2245
2360
2363
2336
2299
2357
2282
2452
2342
2370
2461
2429
2333
2353
2321
2321
2507
2396
2408
2331
2288
2410
2374
2301
2314
2289
2450
2510
2269
2440
2269
2391
2273
2267
2275
2352
2290
2494
2259
2332
2455
2384
2281
2257
2353
2334
2376
2389
2322
2346
2367
2464
2451
2294
2375
2409
2382
2479
2290
2355
2435
2275
2292
2375
2311
2378
2295
2324
2358
2250
2429
2337
2567
2276
2377
2198
2428
2449
2211
2332
2363
2434
2368
2388
2341
2460
2334
2445
2336
2281
2311
2280
2338
2244
2395
2391
2274
2284
2326
2382
2393
2265
2278
2325
2280
2370
2428
2323
2298
2361
2310
2333
2298
2327
2258
2390
2232
2314
2360
2409
2264
2225
2335
2321
2267
2426
2293
2380
2287
2276
2298
2409
2283
2367
2433
2374
2400
2415
2215
2342
2406
2241
2284
2331
2336
2468
2324
2339
2315
2340
2347
2415
2326
2361
2293
2276
2340
2524
2357
2343
2334
2436
2375
2362
2366
2391
2269
2410
2322
2277
2349
2381
2247
2238
2269
2318
2394
2405
2390
2233
2409
2317
2413
2263
2276
2329
2292
2361
2325
2368
2300
2305
2276
2372
2417
2250
2407
2399
2321
2368
2328
2327
2361
2324
2508
2309
2347
2307
2415
2352
2283
2254
2351
2427
2296
2262
2389
2328
2318
2295
2361
2350
2324
2342
2322
2318
2334
2433
2321
2476
2222
2268
2355
2368
2276
2259
2236
2405
2288
2442
2423
2264
2306
2325
2346
2319
2333
2470
2398
2367
2348
2256
2382
2226
2283
2318
2622
2319
2305
2232
2335
2381
2318
2316
2466
2429
2353
2330
2406
2325
2267
2394
2322
2323
2280
2255
2428
2296
2290
2385
2323
2332
2378
2390
2290
2363
2303
2442
2367
2311
2321
2347
2338
2228
2311
2317
2546
2385
2423
2327
2286
2276
2342
2456
2298
2303
2495
2326
2410
2389
2387
2461
2371
2329
2434
2432
2331
2211
2266
2392
2187
2308
2255
2333
2280
2269
2257
2291
2401
2268
2355
2446
2290
2302
2319
2224
2390
2305
2340
2301
2268
2350
2383
2243
2347
2349
2241
2257
2442
2345
2344
2332
2328
2246
2359
2384
2267
2349
2340
2465
2357
2313
2311
2290
2301
2370
2359
2277
2490
2217
2406
2442
2523
2297
2422
2286
2331
2336
2389
2276
2340
2320
2309
2314
2326
2326
2345
2289
2202
2311
