2357
2253
2309
2200
2312
2377
2434
2651
2443
2430
2301
2307
2340
2329
2371
2411
2401
2268
2342
2265
2330
2347
2276
2301
2201
2320
2286
2202
2238
2198
2326
2492
2304
2342
2371
2310
2312
2380
2317
2302
2414
2425
2354
2404
2256
2400
2368
2243
2268
2287
2299
2263
2485
2315
2381
2321
2290
2323
2407
2306
2372
2274
2439
2231
2246
2393
2352
2391
2418
2465
2332
2295
2378
2332
2314
2285
2403
2440
2270
2232
2276
2281
2546
2363
2427
2317
2367
2293
2341
2336
2402
2299
2332
2346
2324
2391
2433
2430
2283
2397
2313
2323
2404
2389
2308
2286
2342
2287
2388
2382
2343
2302
2360
2245
2286
2453
2390
2421
2502
2280
2410
2291
2262
2391
2246
2271
2405
2343
2620
2309
2366
2339
2295
2314
2246
2319
2334
2413
2508
2333
2375
2266
2302
2314
2374
2455
2366
2344
2319
2446
2580
2321
2339
2334
2301
2412
2221
2402
2454
2272
2310
2233
2397
2392
2282
2248
2475
2342
2415
2588
2328
2348
2433
2277
2303
2261
2338
2338
2296
2342
2400
2330
2239
2351
2444
2434
2406
2301
2431
2424
2318
2320
2404
2318
2334
2362
2370
2331
2424
2239
2422
2356
2397
2355
2239
2613
2348
2325
2368
2251
2236
2356
2374
2420
2340
2285
2438
2454
2351
2481
2319
2350
2296
2399
2404
2332
2300
2339
2472
2312
2388
2469
2335
2381
2315
2368
2233
2457
2206
2490
2184
2219
2559
2492
2304
2388
2365
2279
2270
2318
2313
2337
2344
2320
2304
2323
2317
2323
2446
2412
2439
2235
2353
2246
2286
2375
2276
2318
2320
2343
2273
2326
2369
2328
2309
2332
2308
2332
2439
2372
2349
2396
2273
2324
2399
2328
2305
2234
2276
2433
2296
2398
2407
2356
2421
2338
2371
2414
2384
2342
2440
2258
2266
2422
2273
2429
2247
2313
2364
2420
2317
2323
2291
2488
2412
2278
2308
2257
2384
2397
2252
2377
2257
2522
2305
2330
2528
2445
2368
2232
2427
2575
2327
2419
2285
2229
2409
2348
2390
2315
2508
2386
2292
2444
2269
2387
2247
2373
2301
2314
2356
2257
2419
2330
2205
2538
2438
2310
2282
2299
2214
2331
2318
2378
2298
2260
2299
2225
2319
2405
2300
2389
2276
2303
2366
2353
2306
2305
2441
2327
2341
2324
2407
2418
2314
2434
2302
2479
2248
2422
2192
2290
2457
2311
2523
2335
2461
2215
2243
2391
2291
2469
2449
2446
2431
2454
2364
2354
2407
2322
2354
2334
2408
2276
2224
2340
2538
2338
2258
2293
2387
2230
2419
2353
2393
2320
2505
2500
2288
2266
2247
2267
2370
2195
2356
2315
2320
2310
2401
2333
2323
2410
2295
2345
2303
2277
2291
2247
2376
2307
2416
2315
2342
2393
2314
2482
2390
2336
2474
2327
2213
2355
2386
2318
2295
2394
2275
2441
2448
2426
2283
2414
2252
2363
2264
2322
2336
2347
2448
2362
2344
2346
2362
2519
2416
2285
2329
2354
2312
2415
2268
2354
2389
2437
2265
2308
2467
2480
2298
2339
