2330
2408
2263
2310
2350
2261
2279
2320
2293
2374
2193
2338
2373
2349
2341
2281
2293
2267
2327
2254
2244
2367
2260
2469
2288
2226
2342
2350
2310
2432
2276
2347
2311
2268
2314
2335
2304
2328
2363
2279
2301
2295
2318
2347
2243
2269
2390
2324
2287
2363
2375
2338
2489
2339
2416
2332
2319
2268
2333
2225
2328
2399
2271
2304
2346
2455
2305
2300
2342
2325
2316
2291
2327
2309
2247
2313
2271
2345
2281
2303
2313
2279
2355
2266
2519
2297
2288
2346
2287
2345
2356
2328
2282
2340
2305
2217
2373
2386
2354
2295
2333
2285
2282
2319
2392
2289
2327
2327
2366
2301
2237
2228
2385
2284
2268
2311
2353
2272
2289
2478
2350
2256
2402
2321
2258
2306
2377
2374
2345
2348
2306
2335
2358
2413
2415
2361
2327
2271
2292
2451
2316
2358
2301
2255
2370
2423
2329
2370
2318
2282
2350
2341
2275
2312
2394
2317
2287
2296
2437
2312
2458
2329
2299
2358
2341
2260
2338
2277
2305
2359
2305
2291
2308
2197
2341
2299
2415
2435
2289
2323
2335
2275
2237
2466
2290
2274
2331
2400
2361
2282
2335
2291
2322
2300
2294
2288
2269
2277
2384
2393
2304
2272
2321
2336
2293
2298
2389
2400
2301
2292
2354
2298
2228
2444
2314
2339
2337
2379
2394
2273
2360
2296
2346
2247
2254
2303
2253
2380
2353
2304
2354
2253
2279
2239
2315
2244
2364
2244
2316
2282
2302
2321
2296
2281
2339
2309
2396
2368
2352
2317
2345
2340
2289
2314
2246
2318
2202
2297
2290
2290
2411
2394
2274
2249
2284
2482
2332
2283
2263
2242
2372
2329
2235
2207
2233
2317
2512
2403
2404
2271
2321
2424
2272
2424
2421
2311
2272
2294
2258
2254
2378
2346
2234
2295
2410
2357
2406
2318
2402
2314
2265
2306
2303
2301
2336
2412
2347
2258
2263
2380
2240
2274
2457
2339
2327
2261
2310
2307
2348
2443
2280
2287
2400
2295
2304
2346
2368
2247
2363
2292
2251
2350
2318
2334
2355
2325
2325
2274
2311
2264
2223
2249
2264
2259
2253
2285
2247
2262
2311
2259
2256
2365
2319
2342
2307
2362
2316
2309
2278
2361
2268
2280
2355
2373
2333
2313
2341
2243
2321
2314
2369
2347
2267
2278
2466
2295
2284
2230
2283
2299
2259
2377
2410
2288
2295
2308
2351
2343
2250
2326
2339
2439
2404
2348
2362
2307
2417
2265
2318
2297
2461
2337
2276
2274
2326
2387
2277
2266
2287
2273
2363
2318
2307
2228
2278
2295
2314
2217
2339
2412
2290
2414
2312
2284
2441
2253
2316
2267
2482
2276
2255
2237
2402
2289
2323
2347
2276
2261
2199
2444
2263
2306
2325
2284
2276
2282
2319
2331
2202
2225
2286
2295
2344
2412
2305
2300
2308
2297
2439
2341
2281
2323
2358
2534
2256
2370
2314
2274
2383
2234
2290
2317
2266
2324
2240
2323
2306
2343
2218
2326
2262
2299
2239
2409
2319
2237
2454
2287
2363
2222
2398
2282
2336
2311
2300
2332
2208
2279
2298
2242
