2434
2565
2349
2439
2516
2274
2380
2515
2427
2519
2365
2452
2410
2392
2338
2313
2271
2364
2380
2526
2459
2441
2497
2411
2429
2429
2426
2316
2383
2390
2279
2419
2347
2423
2444
2579
2430
2423
2357
2443
2335
2385
2252
2426
2520
2534
2383
2384
2400
2569
2344
2440
2342
2319
2370
2460
2454
2439
2514
2353
2500
2365
2355
2457
2467
2562
2399
2454
2435
2374
2545
2551
2456
2349
2352
2411
2334
2493
2354
2375
2555
2363
2558
2379
2304
2481
2313
2366
2555
2405
2406
2431
2423
2585
2470
2516
2428
2526
2398
2475
2532
2350
2326
2463
2386
2439
2450
2318
2490
2413
2464
2427
2530
2506
2424
2377
2538
2560
2521
2477
2408
2371
2410
2329
2545
2514
2441
2479
2398
2347
2491
2314
2649
2339
2354
2275
2394
2382
2365
2385
2498
2378
2381
2493
2417
2333
2358
2391
2405
2480
2504
2395
2461
2334
2385
2521
2573
2481
2483
2374
2543
2396
2339
2361
2437
2319
2345
2393
2384
2384
2373
2494
2397
2442
2382
2377
2421
2553
2497
2542
2364
2431
2479
2445
2419
2438
2439
2317
2365
2408
2455
2455
2465
2419
2492
2466
2436
2448
2404
2486
2332
2411
2374
2430
2488
2416
2410
2442
2521
2587
2501
2475
2403
2410
2418
2349
2458
2412
2334
2437
2407
2674
2466
2419
2357
2425
2465
2417
2453
2473
2406
2504
2324
2241
2381
2408
2333
2369
2528
2435
2492
2339
2355
2535
2362
2384
2449
2411
2513
2377
2303
2340
2509
2460
2403
2378
2434
2415
2371
2558
2532
2295
2309
2425
2326
2351
2460
2404
2461
2638
2526
2468
2465
2505
2424
2560
2277
2516
2417
2383
2419
2464
2330
2353
2490
2518
2476
2493
2510
2474
2374
2367
2389
2358
2372
2429
2351
2372
2378
2423
2494
2370
2415
2346
2463
2561
2473
2430
2333
2524
2464
2272
2386
2386
2345
2480
2376
2299
2368
2461
2425
2376
2388
2419
2505
2433
2303
2401
2382
2509
2458
2374
2424
2511
2292
2469
2320
2429
2481
2452
2471
2390
2565
2386
2456
2436
2509
2298
2438
2492
2336
2469
2439
2531
2358
2410
2663
2560
2347
2390
2368
2515
2374
2518
2513
2458
2435
2521
2417
2333
2528
2344
2337
2614
2426
2355
2568
2325
2394
2378
2291
2529
2489
2354
2362
2402
2489
2490
2292
2578
2440
2536
2527
2401
2316
2453
2373
2306
2499
2457
2459
2368
2459
2420
2402
2455
2439
2469
2319
2533
2337
2374
2333
2465
2351
2545
2495
2336
2397
2358
2393
2353
2478
2597
2646
2398
2551
2382
2404
2408
2509
2302
2345
2409
2464
2390
2481
2419
2507
2468
2382
2445
2426
2466
2391
2476
2362
2483
2468
2448
2450
2569
2415
2356
2515
2459
2387
2392
2396
2468
2478
2393
2325
2496
2337
2345
2360
2413
2388
2325
2521
2441
2402
2492
2555
2479
2439
2428
2460
2358
2489
2318
2328
2426
2334
2419
2335
2369
2383
2504
2388
2546
2463
2370
2327
2559
2484
2417
2565
2376
