2497
2310
2457
2385
2566
2499
2358
2507
2512
2325
2518
2587
2468
2433
2378
2435
2361
2387
2384
2320
2462
2389
2437
2460
2506
2477
2484
2486
2532
2360
2379
2227
2740
2445
2459
2331
2364
2482
2343
2525
2538
2335
2400
2545
2526
2344
2406
2425
2438
2322
2358
2445
2517
2370
2348
2523
2510
2395
2434
2288
2409
2559
2520
2444
2366
2558
2627
2384
2373
2429
2503
2619
2366
2386
2438
2457
2318
2459
2508
2385
2476
2543
2372
2498
2269
2403
2341
2562
2341
2391
2353
2507
2381
2463
2417
2437
2432
2402
2337
2333
2526
2396
2353
2518
2373
2372
2551
2402
2423
2421
2445
2319
2389
2444
2411
2383
2440
2379
2377
2407
2373
2413
2629
2344
2362
2303
2310
2468
2512
2594
2471
2499
2428
2442
2456
2391
2417
2327
2496
2376
2561
2569
2363
2424
2528
2527
2493
2393
2454
2405
2418
2482
2397
2348
2538
2398
2376
2309
2386
2505
2444
2424
2347
2353
2366
2410
2338
2402
2514
2390
2383
2323
2517
2429
2439
2289
2425
2533
2475
2330
2465
2414
2411
2451
2388
2357
2414
2402
2531
2415
2378
2418
2380
2422
2360
2530
2622
2429
2348
2292
2422
2428
2362
2434
2492
2385
2421
2673
2462
2451
2468
2471
2478
2454
2406
2348
2406
2551
2424
2408
2387
2630
2346
2373
2356
2373
2369
2421
2419
2544
2656
2357
2575
2420
2420
2559
2542
2428
2400
2366
2327
2468
2588
2370
2579
2531
2629
2458
2394
2384
2518
2558
2643
2433
2374
2489
2429
2428
2409
2384
2510
2490
2310
2480
2461
2401
2447
2501
2381
2402
2314
2384
2492
2456
2462
2609
2455
2431
2445
2455
2472
2571
2359
2494
2391
2328
2306
2405
2539
2352
2516
2461
2318
2365
2412
2473
2358
2433
2292
2411
2667
2375
2484
2498
2450
2330
2403
2433
2551
2415
2502
2473
2497
2414
2347
2319
2347
2488
2411
2395
2373
2401
2566
2517
2419
2415
2372
2410
2518
2392
2643
2387
2353
2496
2446
2380
2385
2595
2630
2343
2518
2450
2359
2421
2293
2455
2299
2692
2419
2436
2429
2393
2469
2612
2385
2479
2409
2277
2402
2473
2391
2365
2460
2434
2341
2368
2317
2434
2392
2363
2533
2372
2425
2448
2390
2350
2368
2471
2377
2577
2603
2354
2536
2438
2320
2408
2397
2544
2401
2498
2332
2315
2418
2591
2518
2633
2517
2341
2399
2443
2402
2520
2481
2345
2476
2470
2357
2482
2426
2400
2315
2461
2343
2572
2377
2522
2394
2511
2368
2574
2498
2361
2425
2390
2395
2419
2557
2485
2487
2388
2487
2479
2302
2358
2413
2374
2424
2310
2415
2527
2517
2408
2395
2489
2302
2408
2379
2483
2498
2423
2392
2472
2397
2523
2330
2404
2326
2425
2496
2446
2385
2366
2418
2369
2454
2398
2542
2561
2435
2383
2310
2305
2397
2445
2329
2343
2268
2453
2383
2511
2510
2638
2434
2416
2341
2336
2443
2492
2450
2422
2486
2457
2417
2439
2441
2424
2416
2336
2317
2425
