2353
2457
2514
2483
2426
2374
2407
2402
2377
2315
2556
2402
2470
2428
2587
2330
2422
2498
2419
2439
2313
2364
2507
2474
2444
2454
2519
2339
2332
2360
2429
2360
2318
2398
2428
2465
2459
2499
2334
2456
2397
2453
2602
2407
2400
2412
2400
2392
2428
2409
2412
2466
2381
2394
2474
2451
2418
2440
2487
2385
2346
2550
2430
2389
2559
2414
2353
2422
2485
2759
2328
2440
2359
2357
2355
2455
2329
2367
2541
2573
2405
2393
2444
2335
2320
2505
2436
2443
2470
2349
2502
2431
2276
2537
2381
2338
2452
2330
2401
2482
2401
2376
2546
2381
2412
2303
2315
2348
2472
2438
2417
2482
2498
2346
2373
2391
2448
2368
2378
2297
2382
2340
2407
2389
2639
2545
2501
2394
2474
2428
2328
2487
2325
2437
2324
2428
2462
2559
2294
2322
2401
2506
2345
2433
2339
2338
2476
2344
2426
2308
2451
2410
2453
2405
2471
2320
2414
2359
2367
2497
2350
2516
2332
2432
2303
2472
2587
2400
2470
2371
2595
2380
2445
2590
2476
2517
2417
2354
2433
2381
2296
2376
2500
2385
2533
2247
2356
2411
2409
2475
2354
2489
2610
2420
2415
2414
2449
2396
2555
2447
2466
2357
2424
2368
2389
2399
2547
2387
2338
2600
2427
2396
2377
2440
2425
2555
2479
2434
2412
2398
2405
2401
2448
2450
2448
2531
2375
2393
2346
2392
2421
2337
2324
2350
2456
2429
2395
2559
2386
2336
2340
2651
2351
2505
2326
2490
2445
2428
2323
2342
2360
2356
2368
2407
2413
2454
2571
2517
2304
2558
2553
2360
2428
2424
2334
2382
2415
2536
2351
2651
2640
2567
2383
2335
2337
2386
2363
2341
2588
2445
2367
2318
2664
2420
2354
2371
2371
2475
2427
2346
2395
2404
2426
2587
2578
2481
2417
2418
2415
2378
2354
2710
2417
2414
2408
2387
2453
2351
2572
2469
2474
2406
2435
2631
2369
2404
2435
2516
2450
2456
2334
2469
2497
2397
2455
2369
2354
2429
2372
2383
2382
2390
2310
2337
2565
2401
2407
2397
2526
2407
2316
2607
2363
2448
2449
2356
2512
2347
2346
2425
2336
2333
2398
2396
2435
2362
2339
2409
2605
2399
2348
2522
2415
2321
2366
2354
2346
2570
2307
2370
2407
2519
2452
2389
2447
2370
2419
2376
2455
2410
2495
2307
2369
2585
2505
2451
2295
2431
2419
2317
2376
2403
2576
2501
2312
2430
2538
2444
2338
2444
2608
2334
2358
2313
2339
2349
2359
2516
2332
2328
2365
2363
2435
2562
2499
2304
2361
2476
2485
2440
2483
2311
2450
2423
2338
2418
2376
2374
2416
2409
2375
2495
2314
2413
2407
2391
2571
2467
2396
2440
2349
2558
2686
2433
2419
2345
2496
2305
2338
2537
2372
2408
2325
2387
2405
2358
2360
2402
2383
2405
2363
2330
2588
2484
2415
2438
2378
2413
2440
2342
2334
2546
2448
2408
2486
2421
2351
2380
2406
2412
2479
2431
2599
2519
2299
2372
2418
2396
2371
2481
2355
2387
2592
2414
2335
2385
2502
2343
2398
2531
