2349
2405
2344
2489
2357
2388
2551
2560
2439
2510
2394
2309
2423
2319
2374
2493
2245
2448
2405
2492
2529
2415
2688
2489
2413
2552
2463
2426
2347
2474
2294
2356
2275
2368
2345
2372
2465
2636
2402
2424
2418
2524
2395
2339
2463
2347
2389
2395
2410
2438
2441
2274
2428
2384
2331
2426
2482
2348
2326
2486
2340
2411
2486
2488
2407
2395
2451
2556
2381
2321
2337
2317
2591
2350
2402
2362
2362
2447
2362
2350
2370
2366
2319
2581
2380
2397
2346
2429
2372
2381
2317
2428
2356
2404
2362
2512
2475
2476
2507
2491
2432
2344
2350
2348
2369
2485
2466
2441
2395
2425
2623
2500
2676
2424
2511
2502
2451
2361
2416
2367
2386
2284
2436
2425
2443
2362
2352
2380
2360
2351
2302
2486
2510
2348
2416
2397
2491
2371
2500
2498
2709
2451
2291
2312
2359
2367
2505
2332
2775
2496
2376
2377
2472
2423
2436
2448
2489
2338
2382
2360
2407
2301
2567
2425
2500
2387
2456
2363
2518
2358
2340
2465
2511
2392
2328
2337
2521
2418
2442
2427
2407
2440
2487
2403
2356
2438
2348
2569
2489
2304
2425
2395
2531
2447
2612
2395
2486
2446
2459
2428
2391
2421
2505
2363
2614
2362
2331
2350
2369
2424
2368
2494
2375
2460
2461
2507
2404
2347
2549
2447
2386
2393
2372
2350
2325
2470
2394
2437
2399
2360
2353
2375
2547
2400
2341
2367
2565
2442
2311
2452
2339
2383
2370
2480
2418
2554
2465
2416
2408
2358
2441
2279
2456
2396
2406
2482
2346
2296
2436
2439
2316
2515
2424
2549
2373
2361
2386
2458
2445
2499
2341
2345
2347
2486
2491
2501
2377
2574
2498
2319
2498
2389
2346
2548
2301
2418
2487
2482
2456
2428
2523
2540
2415
2437
2591
2536
2398
2338
2515
2447
2294
2402
2356
2404
2499
2433
2317
2351
2400
2351
2423
2310
2377
2394
2410
2495
2431
2439
2308
2481
2472
2330
2403
2398
2430
2341
2445
2420
2425
2479
2437
2441
2359
2471
2330
2442
2342
2345
2505
2453
2372
2495
2385
2441
2394
2396
2512
2471
2458
2450
2492
2333
2314
2460
2396
2393
2419
2360
2338
2460
2368
2367
2524
2345
2423
2535
2340
2455
2326
2352
2340
2404
2541
2348
2487
2329
2258
2409
2408
2455
2393
2416
2363
2360
2396
2357
2394
2544
2502
2315
2405
2346
2390
2409
2458
2467
2435
2485
2538
2458
2397
2479
2399
2374
2459
2315
2309
2517
2381
2332
2361
2425
2582
2501
2340
2401
2453
2373
2437
2486
2280
2358
2428
2368
2383
2452
2416
2415
2376
2483
2507
2396
2391
2364
2397
2467
2321
2344
2426
2287
2404
2345
2412
2412
2449
2349
2439
2411
2440
2462
2488
2412
2451
2350
2486
2649
2492
2380
2446
2501
2357
2518
2324
2375
2503
2391
2573
2413
2483
2358
2392
2449
2410
2301
2541
2791
2506
2323
2414
2416
2325
2417
2668
2399
2446
2478
2609
2370
2420
2375
2448
2416
2290
2542
2406
2490
2491
2414
2411
2598
