2213
2268
2274
2145
2256
2798
2215
2250
2396
2146
2215
2257
2238
2207
2339
2337
2433
2355
2391
2213
2181
2175
2547
2168
2299
2285
2796
2304
2237
2588
2337
2204
2337
2452
2416
2313
2241
2236
2333
2385
2273
2158
2214
2380
2633
2579
2197
2193
2251
2539
2354
2232
2211
2196
2187
2320
2442
2305
2245
2266
2424
2287
2439
2184
2276
2242
2229
2536
2340
2391
2279
2181
2146
2272
2248
2289
2193
2210
2222
2394
2240
2237
2274
2791
2245
2353
2301
2375
2333
2182
2429
2518
2239
2230
2204
2438
2270
2408
2716
2477
2224
2558
2361
2167
2606
2702
2806
2445
2454
2227
2276
2226
2421
2213
2496
2516
2182
2229
2614
2370
2265
2555
2282
2201
2181
2255
2527
2270
2254
2179
2199
2221
2155
2273
2484
2264
2362
2192
2627
2221
2252
2253
2221
2506
2216
2527
2318
2244
2634
2287
2415
2477
2183
2222
2380
2198
3033
2269
2257
2422
2508
2580
2250
2188
2252
2398
2233
2429
2255
2275
2406
2274
2546
2212
2268
2275
2367
2476
2265
2198
2290
2619
2414
2389
2422
2239
2205
2734
2128
2184
2269
2221
2572
2603
2216
2212
2338
3071
2359
2443
