9545
5205
5898
7471
5247
4197
9584
6343
6966
4925
8193
5724
3819
6408
3248
5925
4962
3586
3301
9292
7867
8823
7104
8384
4977
3803
8515
7214
5976
4911
6495
5000
7465
7451
9600
4425
2612
5722
9979
5934
3955
4223
4597
8580
6764
5414
5798
4798
4829
7263
7700
8257
7138
4169
6803
4557
2904
8989
3935
6081
6360
8367
5697
4714
4575
9735
8006
6723
5612
8703
6827
7775
4774
6508
4233
3770
9289
6858
5526
7319
6368
6462
7121
7272
7758
6523
3408
4276
4252
6607
5939
5843
4908
6159
6712
7676
8657
8167
7638
5224
3312
9167
3955
4970
6639
4837
5896
9053
4977
5083
7661
7714
8184
6374
7369
7894
8267
6336
6164
5032
7319
6968
9378
8499
5799
6628
5799
4744
7841
9932
6814
7960
4636
3767
6022
4778
6895
6209
7282
4389
4583
5498
7315
4778
8374
7391
6905
8091
7257
5229
2738
4056
6826
5295
4676
8115
7437
5115
4795
6252
5148
5419
4941
5883
9999
7542
5532
6506
7719
7256
7226
8336
5908
5389
6113
4298
2756
6433
5608
8977
4120
4774
7635
5297
7658
6516
4449
8174
5934
7385
9269
9375
3058
3527
5417
6628
4764
9506
9340
6408
