2287
2246
2227
2250
2240
2312
2217
2338
2293
2253
2210
2271
2338
2283
2370
2246
2259
2215
2338
2282
2280
2370
2382
2195
2347
2245
2261
2352
2314
2292
2370
2215
2210
2273
2228
2399
2255
2374
2223
2205
2243
2261
2341
2336
2305
2296
2263
2426
2247
2190
2264
2241
2225
2368
2287
2233
2261
2304
2222
2337
2271
2312
2226
2242
2238
2421
2236
2224
2220
2247
2335
2363
2240
2319
2350
2253
2245
2322
2259
2307
2328
2325
2349
2403
2283
2269
2394
2359
2199
2278
2251
2313
2356
2214
2458
2186
2203
2291
2279
2200
2309
2202
2287
2338
2261
2250
2393
2305
2297
2235
2213
2243
2300
2331
2325
2270
2276
2364
2244
2259
2244
2331
2242
2245
2244
2230
2245
2199
2224
2227
2461
2249
2265
2243
2260
2429
2369
2266
2455
2317
2199
2263
2243
2352
2273
2368
2355
2378
2264
2310
2293
2371
2259
2281
2218
2265
2292
2310
2295
2253
2179
2238
2413
2237
2260
2228
2235
2406
2300
2273
2275
2234
2366
2285
2425
2365
2300
2271
2392
2301
2317
2235
2211
2215
2243
2285
2322
2292
2229
2172
2227
2272
2303
2230
2244
2248
2379
2321
2313
2357
