4291
9682
4342
7195
5505
7540
7338
7975
6806
3011
6285
2228
9684
8058
6282
4114
4123
9164
4596
7347
8724
8932
4034
9815
3601
6363
9016
5081
6068
8921
6207
7794
5268
7844
5157
5483
3875
8015
5354
8976
9364
7170
6196
4090
7991
4015
4870
7364
5715
8327
5537
5929
3614
4745
4668
6446
8536
3084
4776
5030
6077
5318
6806
4545
6984
4048
6489
5566
3507
4446
3937
9151
6075
3863
9148
7550
8827
3695
8521
3654
4777
6893
5382
9070
6358
5557
6501
8511
9773
7474
7099
7142
4197
3828
4554
7970
7797
8032
7917
5600
6206
9983
9820
6948
3684
8694
6620
9547
4937
4575
7698
7592
4471
6350
5489
7920
6372
8435
8326
7918
3857
4921
9829
3683
5819
5650
7441
6768
4957
5745
9482
6514
2364
4442
5636
9139
3656
4326
8639
3308
8317
6277
3890
9840
4349
5218
5131
4190
7093
9234
5393
8002
4167
3250
9009
5663
4668
9009
7020
4998
9207
7456
9661
8370
9550
7206
8227
6375
4975
8630
8849
5240
3255
4557
5543
6404
7323
6004
7669
7082
6558
4878
2978
8527
6793
8259
5875
8384
4003
3744
6407
8207
7563
6430
4729
7548
8939
6519
4724
4345
