2386
2360
2417
2351
2489
2499
2416
2468
2454
2661
2438
2528
2305
2326
2531
2443
2360
2317
2420
2428
2425
2542
2396
2679
2358
2506
2487
2396
2436
2491
2567
2293
2398
2349
2534
2304
2456
2582
2428
2534
2434
2480
2422
2751
2506
2432
2312
2468
2401
2395
2410
2595
2419
2330
2513
2485
2328
2449
2316
2315
2375
2352
2645
2423
2495
2385
2300
2506
2313
2353
2712
2432
2457
2336
2358
2371
2341
2282
2378
2692
2285
2770
2340
2653
2392
2364
2327
2570
2464
2325
2428
2417
2442
2445
2355
2690
2553
2412
2718
2486
2382
2441
2621
2394
2309
2364
2358
2546
2245
2363
2440
2339
2425
2543
2505
2373
2378
2459
2520
2597
2529
2422
2464
2337
2917
2420
2509
2422
2429
2438
2430
2501
2303
2480
2452
2503
2454
2516
2387
2384
2461
2551
2446
2620
2362
2507
2488
2623
2510
2391
2417
2384
2393
2435
2473
2420
2567
2366
2385
2290
2473
2411
2392
2518
2340
2357
2405
2543
2458
2311
2602
2399
2344
2556
2520
2559
2262
2420
2394
2514
2393
2486
2388
2394
2304
2525
2430
2358
2345
2421
2377
2493
2400
2505
2474
2373
2381
2462
2648
2297
2666
2499
2376
2430
2320
2385
2900
2427
2298
2449
2412
2666
2446
2525
2292
2565
2429
2370
2430
2323
2386
2446
2502
2316
2384
2458
2372
2559
2408
2421
2488
2321
2372
2378
2373
2323
2438
2535
2524
2338
2484
2459
2410
2504
2635
2672
2444
2328
2481
2387
2424
2606
2345
2434
2291
2406
2543
2612
2800
2261
2327
2348
2462
2485
2433
2338
2314
2372
2373
2500
2464
2421
2434
2416
2369
2364
2425
2373
2506
2795
2388
2396
2325
2561
2362
2537
2533
2314
2294
2702
2416
2775
2524
2359
2289
2494
2423
2551
2376
2480
2481
2422
2457
2408
2414
2457
2499
2594
2544
2645
2472
2484
2482
2302
2330
2401
2583
2451
2575
2403
2479
2523
2600
2445
2433
2355
2544
2630
2411
2545
2456
2351
2417
2384
2373
2315
2400
2533
2336
2260
2454
2493
2354
2256
2407
2661
2447
2390
2369
2412
2351
2550
2278
2482
2301
2487
2317
2377
2553
2323
2338
2379
2464
2245
2735
2478
2325
2388
2377
2663
2655
2517
2435
2502
2392
2325
2552
2448
2590
2418
2456
2400
2399
2476
2557
2417
2338
2323
2605
2450
2410
2509
2287
2671
2430
2507
2315
2562
2332
2342
2286
2405
2303
2529
2453
2516
2569
2334
2524
2285
2489
2774
2547
2518
2354
2640
2651
2464
2527
2654
2399
2348
2455
2361
2621
2549
2490
2455
2686
2205
2348
2404
2755
2406
2346
2333
2599
2519
2489
2611
2462
2422
2348
2725
2465
2338
2410
2379
2328
2369
2345
2385
2504
2407
2580
2447
2461
2312
2551
2573
2440
2529
2484
2309
2443
2381
2422
2418
2382
2250
2339
2395
2279
2340
2452
2673
2422
2464
2381
2498
2382
2588
2376
2331
2417
2384
2444
2486
2286
2409
2566
2490
2667
2576
2305
2470
2631
2600
2338
2489
