2774
2553
2363
2578
2398
2454
2540
2582
2367
2517
2444
2340
2307
2331
2514
2653
2373
2587
2506
2389
2374
2479
2563
2461
2464
2478
2630
2372
2582
2556
2588
2348
2356
2350
2493
2475
2396
2693
2454
2471
2399
2694
2452
2362
2539
2497
2404
2288
2590
2459
2549
2670
2337
2514
2482
2625
2783
2543
2822
2471
2367
2452
2301
2887
2507
2771
2510
2607
2364
2334
2480
2480
2382
2479
2351
2421
2845
2421
2422
2666
2439
2448
2591
2452
2462
2627
2424
2540
2283
2540
2565
2300
2523
2556
2609
2626
2443
2396
2612
2508
2451
2504
2375
2495
2345
2461
2445
2640
2449
2491
2426
2426
2373
2465
2445
2556
2412
2428
2394
2330
2587
2433
2320
2512
2412
2420
2483
2498
2431
2414
2333
2421
2385
2448
2401
2461
2345
2430
2413
2398
2491
2455
2559
2476
2393
2303
2331
2429
2594
2482
2425
2373
2305
2610
2385
2326
2420
2457
2519
2457
2392
2517
2566
2293
2464
2487
2366
2292
2492
2475
2339
2376
2425
2419
2618
2563
2500
2391
2569
2496
2328
2639
2372
2452
2470
2438
2404
2449
2373
2438
2765
2579
2365
2491
2433
2719
2598
2372
2511
2359
2391
2494
2573
2512
2538
2458
2451
2401
2532
2394
2372
2553
2437
2379
2385
2382
2293
2405
2690
2450
2349
2436
2422
2621
2496
2337
2556
2361
2375
2584
2595
2635
2485
2483
2449
2341
2545
2548
2289
2466
2507
2461
2456
2717
2479
2611
2340
2485
2348
2409
2420
2417
2536
2569
2633
2307
2401
2385
2419
2411
2345
2427
2398
2498
2454
2522
2569
2485
2397
2452
2531
2453
2411
2441
2420
2500
2339
2442
2436
2379
2342
2585
2499
2579
2340
2338
2363
2547
2459
2637
2518
2644
2446
2390
2563
2603
2594
2412
2437
2519
2477
2365
2457
2471
2403
2440
2540
2383
2524
2632
2640
2478
2309
2425
2473
2521
2416
2394
2412
2387
2794
2493
2648
2384
2473
2362
2434
2371
2472
2545
2404
2566
2412
2625
2476
2390
2417
2436
2391
2629
2511
2672
2515
2363
2326
2434
2436
2625
2425
2347
2610
2395
2400
2920
2402
2548
2511
2596
2533
2470
2551
2459
2522
2535
2383
2355
2403
2439
2487
2549
2625
2493
2367
2352
2629
2703
2488
2476
2412
2315
2531
2534
2461
2450
2371
2389
2660
2469
2438
2593
2596
2741
2366
2543
2263
2301
2456
2677
2403
2417
2606
2417
2405
2327
2354
2559
2489
2415
2459
2579
2381
2466
2412
2614
2355
2450
2359
2301
2575
2333
2524
2449
2270
2614
2304
2516
2647
2636
2967
2569
2524
2311
2291
2397
2626
2351
2380
2373
2527
2384
2406
2421
2730
2510
2524
2341
2358
2477
2475
2742
2535
2309
2401
2510
2592
2357
2376
2512
2405
2397
2375
2625
2484
2442
2620
2381
2679
2435
2637
2544
2555
2464
2631
2436
2510
2369
2423
2402
2885
2531
2450
2439
2397
2476
2364
2411
2412
2450
2419
2400
2420
2430
2421
2417
2399
2394
2313
2486
2430
2479
