2336
2856
2536
2625
2499
2570
2487
2479
2442
2376
2618
2499
2403
2567
2553
2599
2432
2450
2466
2374
2553
2502
2405
2418
2431
2345
2348
2481
2587
2571
2321
2407
2363
2476
2681
2358
2443
2572
2479
2413
2425
2462
2549
2435
2438
2410
2548
2387
2463
2353
2407
2428
2549
2458
2638
2602
2421
2485
2634
2550
2703
2384
2447
2533
2421
2515
2569
2430
2409
2452
2467
2412
2523
2501
2375
2517
2545
2407
2590
2384
2699
2371
2405
2525
2399
2414
2552
2406
2446
2544
2582
2472
2549
2382
2410
2343
2409
2491
2551
2509
2547
2372
2407
2471
2299
2512
2355
2319
2463
2390
2403
2397
2497
2410
2571
2468
2276
2555
2416
2344
2470
2699
2569
2522
2588
2657
2322
2538
2526
2393
2456
2748
2448
2590
2348
2453
2523
2507
2681
2523
2522
2380
2409
2546
2348
2564
2649
2365
2341
2462
2548
2325
2382
2381
2382
2416
2639
2352
2457
2431
2587
2424
2441
2655
2546
2382
2494
2497
2401
2371
2365
2369
2586
2357
2534
2525
2348
2563
2419
2390
2601
2382
2451
2310
2413
2469
2314
2506
2368
2533
2583
2382
2437
2347
2388
2503
2487
2592
2448
2435
2342
2381
2383
2345
2367
2692
2420
2435
2407
2581
2384
2380
2500
2325
2393
2372
2469
2399
2431
2322
2421
2548
2405
2500
2434
2481
2382
2526
2422
2381
2360
2639
2419
2357
2425
2546
2770
2466
2471
2462
2434
2419
2383
2583
2354
2384
2406
2398
2643
2380
2393
2429
2435
2505
2511
2400
2460
2435
2423
2503
2603
2455
2465
2662
2396
2417
2479
2485
2429
2369
2436
2391
2597
2424
2399
2484
2423
2419
2275
2633
2496
2466
2428
2412
2385
2573
2458
2449
2627
2327
2374
2373
2418
2498
2314
2331
2379
2520
2426
2284
2479
2552
2449
2484
2361
2677
2425
2465
2463
2409
2364
2476
2325
2616
2475
2539
2344
2388
2351
2437
2462
2339
2388
2486
2538
2646
2442
2378
2524
2488
2314
2424
2360
2387
2402
2471
2396
2343
2485
2349
2462
2469
2348
2552
2649
2378
2621
2529
2497
2347
2534
2455
2327
2436
2574
2415
2420
2664
2447
2442
2576
2358
2475
2425
2438
2476
2377
2646
2346
2340
2521
2335
2386
2343
2361
2594
2626
2510
2553
2483
2458
2449
2423
2376
2426
2585
2491
2344
2330
2318
2515
2712
2639
2600
2510
2461
2407
2294
2457
2428
2323
2290
2566
2417
2393
2808
2461
2553
2521
2586
2653
2549
2461
2433
2619
2310
2354
2382
2619
2418
2530
2434
2352
2493
2438
2366
2398
2690
2385
2500
2387
2371
2479
2428
2554
2547
2354
2331
2488
2593
2593
2533
2554
2343
2407
2441
2444
2386
2482
2403
2689
2392
2421
2518
2331
2379
2433
2917
2332
2976
2489
2488
2492
2359
2521
2585
2377
2571
2674
2452
2409
2670
2382
2477
2880
2486
2611
2750
2420
2479
2464
2404
2435
2428
2434
2604
2538
2414
2563
2603
2412
2456
2455
2494
2377
2406
2568
2523
2736
2424
