2641
2355
2426
2371
2518
2588
2461
2395
2452
2268
2388
2353
2672
2361
2517
2277
2382
2460
2281
2397
2393
2507
2864
2414
2516
2677
2475
2359
2342
2409
2281
2400
2498
2353
2340
2531
2394
2393
2577
2371
2449
2525
2382
2368
2230
2500
2351
2503
2473
2400
2593
2360
2338
2221
2364
2482
2578
2469
2411
2471
2497
2340
2333
2248
2374
2390
2670
2433
2332
2313
2601
2377
2407
2402
2379
2455
2526
3024
2455
2386
2742
2320
2358
2631
2312
2384
2562
2561
2432
2375
2385
2296
2382
2320
2321
2421
2416
2541
2327
2544
2460
2436
2430
2715
2546
2562
2445
2340
2686
2395
2471
2660
2397
2416
2464
2339
2659
2531
2353
2492
2360
2363
2472
2474
2446
2282
2535
2416
2435
2439
2311
2521
2468
2639
2332
2659
2312
2595
2370
2375
2440
2445
2334
2565
2534
2417
2490
2548
2313
2330
2297
2308
2459
2447
2273
2513
2382
2835
2349
2301
2658
2650
2335
2401
2428
2300
2316
2547
2386
2482
2378
2321
2425
2638
2410
2721
2386
2637
2559
2402
2415
2453
2629
2289
2521
2413
2492
2402
2432
2440
2284
2389
2417
2572
2243
2412
2442
2885
2440
2443
2512
2315
2359
2372
2313
2696
2472
2340
2614
2474
2387
2304
2360
2468
2270
2321
2503
2422
2556
2340
2488
2312
2571
2354
2829
2366
2425
2450
2710
2405
2396
2418
2336
2412
2394
2634
2367
2406
2620
2574
2404
2452
2427
2194
2536
2508
3072
2441
2460
2449
2370
2402
2614
2715
2566
2383
2444
2444
2412
2419
2275
2337
2498
2401
2683
2415
2387
2599
2423
2505
2359
2430
2625
2484
2378
2314
2808
2381
2496
2320
2386
2715
2414
2323
2387
2267
2682
2386
2319
2606
2448
2334
2581
2614
2345
2418
2373
2364
2717
2551
2576
2552
2652
2450
2314
2332
2396
2426
2590
2835
2493
2515
2398
2289
2441
2422
2429
2479
2646
2359
2532
2389
2504
2522
2409
2492
2443
2567
2420
2416
2390
2405
2389
2397
2445
2443
2393
2408
2521
2344
2496
2385
2531
2611
2707
2306
2389
2675
2457
2436
2335
2426
2250
2412
2452
2538
2530
2455
2411
2431
2374
2511
2407
2418
2278
2492
2424
2438
2715
2313
2336
2452
2476
2416
2409
2467
2461
2632
2408
2379
2450
2433
2649
2244
2584
2517
2434
2326
2478
2331
2364
2456
2386
2574
2481
2457
2561
2434
2536
2506
2408
2392
2646
2399
2368
2402
2388
2746
2467
2344
2389
2363
2535
2322
2480
2432
2330
2297
2641
2395
2411
2305
2428
2363
2500
2335
2267
2479
2659
2269
2387
2241
2402
2528
2246
2542
2370
2427
2406
2388
2470
2380
2327
2570
2512
2499
2487
2499
2352
2420
2382
2316
2436
2444
2412
2447
2704
2433
2554
2370
2355
2322
2588
2364
2368
2508
2403
2419
2432
2362
2441
2556
2572
2375
2808
2252
2346
2415
2590
2573
2331
2735
2343
2639
2307
2363
2475
2370
2379
2699
2363
2290
2505
2449
2510
2307
2333
2489
2439
2315
