2762
2583
3011
2935
3147
2930
2746
2889
2943
3033
2676
2835
3113
2953
2815
2800
2782
3051
2846
2848
2702
2838
2687
2599
2758
3282
2658
2988
2779
2855
2851
2818
3030
2976
2924
3009
2743
3073
3032
2731
3001
2661
2713
3076
2744
2982
2922
2598
2769
2757
3067
2941
3631
2951
2860
2845
2709
2729
2579
3109
2955
2771
2718
2862
2950
2948
2607
2737
2717
2710
2603
2908
2805
2719
3198
2999
2748
2764
3069
3158
2909
2791
2954
3060
2830
2684
2618
2936
3221
2868
2884
2828
2622
3135
2858
2525
2865
2973
3093
2849
2965
2693
2624
2999
2509
3226
2790
2992
2938
3133
3077
2649
2870
2697
2739
2971
2954
2662
2916
2999
2766
2909
3285
2739
2564
2570
2917
2965
2842
2827
2771
2719
2686
2900
2916
2727
2863
2768
3172
2677
3082
2759
2672
2710
2681
3243
2620
2922
2878
2813
2996
2831
2803
3016
2669
2677
2556
2593
2731
2807
2879
2912
2764
2659
2539
2822
2895
2685
3209
2660
3060
2826
3201
2985
2842
2812
2977
2869
2967
2671
3404
3126
2568
2744
3017
2811
3004
2582
2496
2668
2795
3068
2901
4259
2786
3220
2360
2996
3398
3392
2870
2620
3041
2727
3640
2854
2915
2651
2718
2695
2786
2787
2809
3204
3393
2797
3176
2742
2705
2627
2553
2818
2899
2725
2949
2782
3002
2729
2735
2936
2791
2941
2839
3027
2989
2769
3010
2800
2682
2845
3138
2993
2833
2667
2986
2810
3434
3388
2539
2655
3118
3002
3299
2931
2939
2946
2758
2550
3094
2983
2689
2868
2961
3225
2701
3131
2858
2517
3125
2666
2998
2873
2850
2973
2610
2837
2714
2998
2830
2799
2699
3061
3317
2689
2625
2568
2697
2733
3200
2624
2771
2745
2732
2694
2850
3602
3057
3452
2633
2765
3246
2901
2832
2735
3083
2927
2624
2645
2806
2878
2825
2862
2736
2797
2666
2648
2694
2866
2938
2842
2729
2882
3038
2710
2799
2832
3327
3235
2677
2625
2823
2698
3121
3142
2830
2949
2591
2795
2870
3555
2719
2864
3672
2554
3160
2814
2727
2892
2953
2717
2969
2497
2970
2741
3226
2976
2859
2741
3004
2851
2680
2670
2826
2680
2987
2863
3122
2985
2978
2878
2819
3227
3017
3124
2759
2834
2763
2770
3143
2655
3061
2821
2967
2965
3075
2952
2945
2896
3113
3078
2936
3101
2719
2778
2680
3159
3034
2990
2649
2744
2971
2845
3443
2620
2751
2977
2951
2950
2765
2721
2704
2997
3070
2926
2865
2776
2937
2579
2662
2864
2788
2970
2927
3060
2897
3119
2739
2918
3003
2973
3140
2953
2673
2828
2782
2670
2947
3026
2838
2805
2792
2960
2805
2676
2999
2785
2850
2565
3300
3006
2894
3122
2548
3225
2944
2719
2773
2829
2603
2888
3275
3164
2780
2990
3142
2664
2802
3246
3069
2673
2883
2876
2781
2596
2776
2858
2744
2728
3022
2737
2923
2937
2602
2767
2770
3026
2583
2924
2581
2744
2763
2581
3078
2653
3011
2957
2982
2861
2868
3145
