2768
2654
2510
2596
3063
2945
2919
2963
2617
2812
2748
2483
3511
2915
2661
2766
3257
2692
2643
2970
3009
3132
3020
2924
3060
2744
2771
2763
2941
3050
2666
3429
2826
2783
2692
2714
2591
2946
2958
2782
2670
2619
2938
2555
2921
2764
3013
2688
2899
2697
2825
3062
3048
2815
3090
3298
3002
3034
2784
2980
3398
3181
2806
2872
3164
2823
2911
2878
2603
3008
2653
2829
2900
2988
2469
2902
2816
2886
2776
3016
2869
2765
3001
2703
2933
3220
2853
2800
3049
2805
2775
2827
2775
2911
2395
3194
2838
2976
2537
3008
2632
2729
2785
2798
3090
2821
2768
2677
2655
3055
2642
2762
2727
2475
3000
2619
2752
3250
2867
3288
2927
3051
2954
2941
2782
2739
2750
2743
3356
3017
2826
2597
2937
2881
2773
2922
2784
2823
2934
2691
2964
2915
2919
3066
2582
2734
2867
3133
3021
2873
2766
3141
2842
2743
2704
3079
2642
2724
2584
2987
2852
3031
2725
2666
2872
2854
3075
3124
2981
2726
2592
2631
2878
2873
2628
2933
2703
2772
2709
2947
2898
2754
2656
2741
2570
2974
2758
2703
3018
3073
2990
2849
3430
2817
2790
2971
2965
2588
2926
3120
2943
2579
2881
2803
2980
2555
2874
2730
2609
2767
2998
2997
2918
2741
2854
2472
3072
2786
2966
2853
2838
2881
2924
2834
2644
2921
2723
2611
2895
2747
3028
3281
2685
2975
3401
2937
2726
3128
2858
2888
3096
3199
3167
2693
2471
2966
2944
2907
2712
3112
2738
2758
2782
2728
2969
2560
2818
2546
2876
2969
2823
2755
2806
2722
2829
2781
2612
3228
3086
2846
2622
2937
2767
3037
2745
2699
3246
2988
2951
2712
2586
3098
2761
2570
2775
2964
2893
2756
2683
3022
2770
3300
2901
2771
3017
2905
2751
2677
3225
2813
2627
2787
2690
2860
2852
2888
2844
2703
2827
2733
3011
2748
2706
3096
2834
3023
2545
2764
3095
2679
2770
2815
2883
2501
2842
3673
3156
2899
2919
3126
2903
2855
2777
3073
2854
2958
2557
2670
2629
2999
2783
3387
2804
2943
2786
3017
3090
2895
3147
2948
2736
2661
3234
2798
2763
2698
2884
2815
2825
2882
2811
2584
2929
2898
2659
2908
3180
2899
2885
2707
2616
2966
2973
3120
3173
3177
2718
2639
2954
2756
2599
2724
2705
2733
3063
2954
2574
2802
2892
2886
2849
2700
3012
2785
2738
2672
2847
3002
2937
2651
3482
2548
2629
3143
3056
2928
2800
2805
2743
2806
3153
2591
2981
2620
2513
2662
2834
3414
2686
2737
2703
2966
2645
2807
2822
2704
3125
2475
2952
3003
2811
2617
2769
2949
2795
2992
3089
2997
3049
2818
2918
2832
2807
2924
2857
2952
3211
2738
2797
2968
2915
2744
3213
3522
2687
2953
2978
3037
2801
3173
3007
3349
2931
2728
2730
2698
2502
2960
2837
2926
3021
2444
2807
2909
3143
2799
2991
2837
2675
2662
2823
2662
2984
2995
3098
3229
3634
2823
2593
2815
2635
2900
3316
2719
3317
2870
2770
2816
3170
2900
