2828
2772
2837
2702
2971
2616
2716
2647
3279
2624
2953
2869
2722
3357
2772
2775
2768
2529
2811
2921
2905
3058
2717
2893
2717
2649
2710
2672
2694
2867
3476
3031
2870
3114
2973
2706
2854
3244
2722
2775
2689
2539
2679
2902
2646
2641
3193
2888
2584
2904
2694
2620
2586
3059
2851
2881
2866
2733
2883
2982
2887
2717
2953
2669
2790
2885
2971
2803
2891
2970
2756
2925
2660
2878
2828
2909
2686
2846
2770
2924
2654
2734
2841
2527
3334
3026
3007
2876
2896
3509
2928
2739
2610
2738
2628
2991
2657
2515
2714
2606
2514
2684
2851
2503
2824
2544
2837
2776
2945
2988
3035
3012
3185
2717
3166
3009
2752
2948
3522
2673
2779
2774
2705
2945
3019
2574
3733
2601
2864
2721
2918
2724
2833
2598
2610
2650
3056
2728
2916
2748
2874
2804
3110
3308
2895
2955
2950
2627
2850
2814
2897
2715
3432
2860
2789
2532
2489
2743
2649
2766
2572
2755
2664
3129
2788
3019
2814
3537
2675
2741
2689
2904
2679
2749
2675
2655
2766
2603
2850
2936
2444
2590
2632
2849
3082
2883
2989
2829
2616
2752
2861
3094
2702
2775
2539
2693
3094
2652
2944
2826
2669
2979
3069
3108
2830
2990
3006
2782
2860
2834
2861
2688
2658
2754
2705
2703
2698
3028
2939
2647
3366
3111
3182
3013
2758
2477
2782
2905
2839
2704
2917
2652
2982
3122
2685
2911
2891
2661
2681
3407
3060
3010
2743
2697
3266
2753
2844
3074
3187
3103
2751
2908
2767
2831
2548
2946
3289
2646
2759
3053
2741
2667
2557
2746
2687
2840
2833
2770
2561
3194
2790
2588
2731
2770
2939
2905
3400
3189
2824
2830
2606
2755
2628
2696
2695
2541
2886
2651
2688
3317
3401
2640
2782
3006
2665
2600
3028
2845
2782
2884
2816
2900
2747
2799
2801
3195
2681
2936
2916
3056
3321
2738
2876
2819
2636
2564
2928
3255
2779
2602
3029
3061
2998
3134
2678
2767
2577
3247
2836
2550
2634
2770
2896
2848
2677
2660
2682
2933
2699
2652
3114
2590
2697
2848
2870
3032
3245
2646
2773
2960
2718
2775
2869
3093
2769
2728
2914
2654
2993
2706
2763
2912
2875
3102
3113
2949
2666
2915
2938
2979
2821
2819
2861
2842
2707
2788
3169
2753
2868
3042
2808
2618
2843
2523
2663
2691
3000
2707
2967
3139
3048
2735
2793
2777
2772
2736
2633
2806
2930
2679
2916
2703
2957
2766
2841
2927
3009
2668
2807
2938
2579
3334
2945
3001
2653
2947
2770
2841
2832
2853
2708
2914
3138
2996
2389
3107
2718
2682
2796
2907
2851
2859
3012
3059
2925
2774
2568
2493
2638
2780
3363
2850
2506
2800
2982
2861
2812
2836
2958
2663
2744
3021
2623
3003
2974
2925
2941
3252
2647
2713
2641
2950
2546
2967
2999
2989
2840
2881
2793
2919
2896
2772
2988
2767
2682
2857
2683
2616
2775
2812
2940
2663
2704
2688
2894
3155
2685
2812
2851
3310
2931
2758
2751
2744
3470
2686
3132
2732
2910
2877
