3150
3038
2673
2616
2646
2622
3074
2625
2751
2813
2659
2716
2607
3018
2668
2666
2745
2959
2872
2949
3121
2884
2767
3008
2551
2778
2819
2853
2740
3019
2803
2700
2997
2583
2655
3236
2759
2621
2930
2736
2797
2513
3096
2769
2788
3112
2736
2779
2761
3064
2827
2672
2556
2602
2887
3304
2803
2548
2732
2706
2885
2811
2680
3062
2603
2598
2789
2738
2677
3046
2958
2571
2929
3249
2708
2859
3011
2868
3473
2876
2585
2646
2607
2712
2772
2847
3215
2714
3155
2970
2908
2856
2808
2922
2932
2734
2709
2910
2565
2882
2671
2704
2739
2683
3055
2892
2912
2639
2963
2776
2615
2763
2772
2663
2970
3128
2742
2894
2713
2983
3245
3245
2929
2586
3027
2964
2764
3001
3077
3078
2547
2749
2653
2463
2688
2674
3243
2922
2935
2826
2689
2912
2758
2691
2852
2723
2637
2763
2938
2870
2879
2721
2675
2788
2547
2610
3290
2556
2854
2848
3066
2593
2774
2802
2612
3518
2926
2926
2983
2923
2765
2822
2979
3469
2787
2816
2836
2774
2950
3151
2993
2822
2816
2750
3037
3611
2954
2688
2782
2981
2642
2851
2604
2890
2973
2560
3136
2795
2774
2753
2645
2819
2985
2766
2551
3183
2904
2856
2575
3016
2791
2855
2926
3141
2956
3040
2997
2836
2999
2797
2780
2757
3051
2651
2771
2803
3257
2970
2925
2723
2979
2688
2710
2694
3215
2861
2815
2908
3140
2861
2565
3010
2830
2715
2597
2663
3059
2849
2762
3289
3031
2737
2688
2894
3044
2804
2693
2677
2812
3288
2743
3142
3135
2760
2658
3001
2488
2936
3231
2664
3036
2864
2715
2884
2968
2823
2641
2677
2773
2700
3292
3104
2789
2886
2848
2853
2728
2746
2896
2707
2737
2868
3062
2904
2554
2656
2927
2697
2753
2789
2639
2697
2725
2804
2717
2743
3012
3020
2994
2983
2857
2563
2620
2714
2608
2875
2867
2774
3104
2944
2971
2963
2594
2879
3187
2846
3105
2937
3131
2583
2848
3214
2872
2916
3031
2808
3000
2769
2874
2701
2925
2693
2931
2899
2813
2787
2639
2816
2986
2976
2909
2727
2776
2847
2801
3125
2815
2753
2657
2883
2605
2685
2931
2743
3380
2976
3051
2509
2618
2725
2538
2765
2723
2662
2856
2910
2727
2835
2700
3031
2853
2996
3077
2605
2617
2818
2981
3137
2930
2806
2757
2588
2834
2856
3007
2652
2839
2806
2775
2881
2824
3208
2610
2856
2887
2809
3230
2856
3128
2671
2950
3143
2699
2823
2965
2894
2770
2850
2678
2686
2602
2787
2855
2688
2817
3024
2792
3229
2704
2816
3032
2715
2587
2681
2722
3193
2726
2937
2836
2778
3341
2843
2927
2774
2997
2807
3332
2899
2584
2870
2692
2907
2749
3119
2778
3135
2853
2991
2873
2721
2891
3257
2803
2593
2700
3014
2557
2558
2853
2970
2925
2631
2697
2837
3082
2877
2861
2947
2723
2851
3096
2558
2677
2598
2685
2973
2674
2882
2698
2798
2869
3039
2677
2797
2978
2960
2523
2579
2887
2593
