2369
2205
2362
2390
2444
2205
2291
2494
2379
2297
2411
2239
2375
2294
2345
2330
2320
2269
2352
2306
2219
2338
2313
2269
2339
2347
2360
2374
2440
2327
2340
2277
2409
2284
2346
2367
2376
2375
2379
2390
2382
2407
2344
2279
2334
2288
2420
2308
2421
2378
2427
2339
2231
2404
2396
2363
2265
2381
2355
2410
2466
2331
2344
2371
2215
2244
2406
2199
2482
2222
2297
2288
2318
2238
2378
2373
2232
2359
2362
2317
2319
2367
2323
2404
2349
2432
2379
2264
2284
2255
2340
2486
2367
2390
2350
2275
2326
2364
2420
2291
2257
2301
2189
2289
2379
2284
2348
2322
2398
2403
2190
2292
2376
2343
2223
2230
2243
2464
2381
2290
2340
2238
2213
2449
2228
2219
2387
2422
2395
2311
2304
2393
2301
2335
2246
2445
2395
2448
2340
2342
2342
2374
2448
2382
2164
2343
2370
2211
2472
2349
2369
2342
2288
2361
2370
2415
2398
2320
2367
2423
2420
2388
2351
2262
2359
2295
2310
2208
2428
2338
2209
2193
2417
2330
2244
2241
2254
2353
2278
2338
2437
2485
2227
2411
2307
2313
2415
2344
2233
2294
2191
2352
2340
2337
2487
2421
2433
2404
2315
2365
2251
2255
2389
2274
2251
2467
2314
2292
2224
2408
2327
2374
2416
2233
2320
2279
2279
2432
2401
2221
2414
2328
2272
2357
2211
2388
2422
2445
2335
2407
2525
2381
2181
2238
2407
2202
2302
2335
2271
2467
2410
2351
2366
2444
2280
2383
2465
2455
2364
2317
2302
2372
2386
2375
2252
2385
2371
2265
2406
2220
2340
2246
2468
2346
2322
2441
2297
2374
2205
2417
2370
2327
2190
2289
2458
2307
2316
2367
2288
2202
2238
2289
2345
2251
2428
2389
2209
2375
2355
2455
2447
2322
2248
2353
2365
2331
2337
2297
2372
2317
2370
2401
2347
2231
2177
2189
2343
2433
2374
2264
2417
2434
2364
2298
2294
2321
2360
2334
2459
2268
2491
2376
2250
2371
2329
2332
2231
2270
2352
2383
2228
2328
2391
2231
2303
2189
2383
2448
2184
2329
2219
2351
2367
2330
2347
2233
2217
2234
2256
2262
2308
2390
2292
2262
2410
2302
2348
2363
2386
2347
2391
2190
2433
2323
2368
2270
2263
2200
2326
2431
2275
2307
2290
2308
2239
2482
2268
2253
2207
2408
2312
2172
2254
2268
2439
2289
2340
2303
2316
2549
2438
2324
2320
2452
2397
2414
2277
2225
2226
2397
2472
2335
2369
2189
2413
2354
2341
2231
2375
2402
2399
2391
2354
2326
2432
2418
2400
2362
2428
2338
2382
2256
2378
2307
2492
2300
2270
2526
2406
2365
2308
2303
2255
2361
2450
2245
2370
2437
2265
2388
2326
2271
2254
2271
2313
2373
2287
2355
2467
2384
2310
2373
2224
2308
2260
2523
2181
2358
2317
2208
2281
2413
2406
2446
2277
2424
2400
2346
2428
2234
2258
2263
2330
2218
2416
2336
2364
2354
2421
2456
2400
2345
2158
2221
2256
2235
2343
2348
2256
2500
2285
2223
2226
2324
2261
2278
2357
2429
2372
2231
