2233
2211
2222
2226
2281
2276
2186
2222
2280
2257
2259
2241
2242
2300
2255
2309
2229
2191
2301
2329
2212
2329
2255
2262
2323
2320
2335
2207
2205
2186
2306
2341
2208
2234
2208
2266
2220
2329
2236
2328
2261
2237
2306
2251
2221
2213
2266
2204
2271
2238
2208
2253
2301
2256
2253
2267
2293
2251
2315
2234
2174
2248
2246
2386
2328
2266
2312
2288
2204
2310
2241
2258
2177
2249
2244
2302
2281
2242
2347
2304
2248
2262
2184
2241
2263
2218
2235
2220
2229
2182
2209
2291
2181
2294
2397
2210
2239
2219
2310
2324
2283
2242
2192
2258
2276
2320
2201
2217
2217
2279
2207
2235
2233
2264
2270
2222
2205
2280
2229
2310
2285
2305
2239
2285
2267
2219
2247
2325
2283
2213
2238
2276
2321
2270
2191
2289
2317
2261
2195
2296
2370
2296
2246
2213
2249
2205
2313
2178
2316
2279
2279
2195
2270
2343
2308
2269
2206
2203
2244
2236
2243
2262
2157
2219
2343
2287
2263
2265
2321
2314
2214
2299
2234
2260
2282
2275
2275
2205
2300
2273
2221
2267
2230
2274
2332
2209
2301
2211
2219
2309
2207
2223
2240
2247
2276
2286
2239
2244
2237
2277
2263
2245
2217
2212
2423
2225
2270
2243
2214
2257
2333
2258
2339
2281
2195
2231
2264
2223
2209
2222
2272
2184
2214
2354
2237
2220
2253
2252
2244
2266
2240
2313
2288
2268
2315
2252
2256
2183
2240
2255
2278
2206
2241
2268
2323
2240
2235
2267
2236
2281
2225
2348
2263
2235
2268
2220
2339
2238
2247
2289
2319
2211
2294
2256
2255
2195
2317
2213
2220
2336
2217
2239
2254
2273
2286
2314
2312
2283
2294
2214
2259
2272
2273
2225
2246
2244
2259
2272
2269
2303
2235
2378
2283
2257
2240
2252
2264
2325
2274
2243
2241
2248
2214
2228
2226
2293
2259
2243
2279
2202
2225
2203
2286
2261
2242
2274
2410
2307
2289
2309
2246
2226
2333
2282
2263
2271
2283
2224
2278
2330
2215
2228
2264
2224
2245
2270
2284
2176
2284
2276
2170
2294
2280
2291
2309
2188
2220
2196
2247
2256
2221
2256
2242
2267
2259
2233
2251
2207
2302
2252
2242
2246
2321
2233
2315
2167
2281
2260
2293
2295
2339
2292
2246
2283
2242
2332
2263
2345
2249
2237
2282
2294
2265
2304
2255
2259
2318
2211
2315
2243
2198
2268
2208
2259
2219
2342
2345
2345
2254
2355
2319
2240
2269
2221
2267
2322
2351
2278
2246
2283
2366
2296
2273
2215
2220
2250
2286
2240
2256
2293
2245
2263
2271
2258
2222
2285
2267
2150
2238
2272
2256
2275
2197
2283
2206
2240
2299
2318
2214
2385
2243
2338
2213
2271
2250
2229
2322
2227
2244
2208
2264
2270
2232
2267
2290
2296
2319
2221
2281
2247
2329
2298
2214
2309
2283
2237
2282
2305
2239
2313
2259
2278
2215
2247
2276
2214
2328
2209
2307
2207
2213
2223
2273
2290
2292
2211
2189
2321
2190
2299
2218
2272
2214
2283
2337
2257
2263
2268
2216
2244
