2272
2316
2384
2302
2209
2222
2343
2280
2255
2240
2265
2267
2253
2245
2227
2233
2295
2171
2256
2221
2194
2261
2203
2312
2294
2238
2224
2234
2232
2182
2195
2241
2197
2224
2164
2288
2243
2222
2231
2205
2278
2193
2261
2180
2226
2240
2228
2221
2199
2204
2258
2210
2269
2224
2241
2215
2220
2224
2198
2239
2215
2217
2236
2235
2216
2249
2194
2245
2280
2285
2364
2195
2255
2272
2312
2265
2229
2265
2265
2236
2218
2229
2238
2190
2219
2228
2282
2255
2203
2219
2255
2203
2336
2209
2227
2275
2271
2224
2205
2231
2213
2318
2238
2270
2298
2269
2210
2245
2258
2300
2216
2343
2222
2295
2280
2254
2210
2218
2250
2362
2370
2189
2222
2237
2325
2231
2227
2262
2274
2200
2181
2230
2227
2283
2256
2332
2268
2200
2191
2214
2249
2311
2264
2296
2231
2245
2230
2200
2232
2320
2238
2218
2235
2226
2231
2275
2280
2221
2259
2205
2207
2232
2216
2231
2307
2235
2221
2197
2277
2284
2237
2249
2214
2310
2241
2291
2282
2217
2236
2193
2300
2230
2210
2288
2243
2263
2202
2272
2351
2284
2220
2260
2189
2250
2238
2183
2257
2256
2201
2270
2223
2238
2196
2346
2191
2251
2226
2229
2228
2224
2210
2257
2234
2188
2243
2237
2242
2209
2225
2237
2207
2230
2254
2258
2174
2192
2289
2222
2304
2347
2238
2230
2250
2172
2278
2197
2254
2251
2256
2236
2211
2235
2201
2230
2270
2197
2230
2200
2309
2255
2252
2248
2230
2252
2202
2224
2229
2180
2288
2219
2254
2398
2205
2215
2252
2235
2324
2287
2209
2262
2264
2219
2227
2178
2278
2292
2218
2234
2263
2205
2217
2251
2228
2188
2325
2316
2296
2240
2201
2284
2191
2223
2259
2218
2213
2271
2225
2257
2218
2290
2304
2268
2214
2279
2225
2285
2289
2233
2239
2267
2218
2186
2222
2254
2205
2185
2280
2298
2233
2305
2185
2249
2269
2210
2227
2216
2241
2348
2220
2238
2250
2253
2187
2322
2252
2243
2274
2219
2255
2317
2230
2222
2329
2222
2237
2237
2223
2240
2213
2418
2214
2227
2237
2275
2219
2300
2190
2264
2223
2267
2242
2232
2263
2228
2176
2209
2242
2176
2225
2276
2215
2235
2195
2243
2220
2298
2223
2196
2212
2226
2216
2294
2240
2252
2304
2219
2253
2243
2218
2240
2223
2191
2331
2178
2229
2205
2266
2277
2228
2265
2224
2228
2271
2271
2172
2306
2227
2243
2247
2253
2324
2250
2324
2245
2244
2222
2239
2245
2279
2217
2196
2252
2264
2251
2226
2240
2269
2244
2211
2278
2255
2208
2223
2229
2265
2317
2290
2236
2144
2248
2213
2306
2240
2250
2278
2269
2250
2237
2249
2216
2209
2255
2285
2237
2230
2221
2213
2229
2192
2222
2215
2357
2209
2215
2210
2260
2310
2228
2322
2283
2246
2241
2233
2315
2212
2223
2271
2235
2241
2288
2244
2241
2198
2250
2253
2244
2225
2254
2301
2239
2274
2217
2185
2307
2258
2260
2206
2331
2197
2341
