2286
2223
2243
2201
2222
2191
2277
2239
2261
2231
2204
2262
2215
2237
2213
2203
2291
2213
2257
2242
2208
2268
2227
2300
2223
2194
2206
2233
2215
2247
2227
2251
2194
2229
2274
2266
2206
2217
2236
2292
2265
2196
2259
2225
2230
2199
2211
2216
2200
2232
2235
2215
2223
2247
2240
2243
2169
2221
2196
2253
2280
2212
2237
2278
2217
2249
2234
2201
2236
2223
2233
2246
2180
2226
2212
2204
2183
2238
2258
2211
2194
2224
2209
2254
2243
2296
2295
2258
2237
2255
2317
2171
2250
2207
2260
2296
2224
2204
2211
2194
2226
2199
2260
2270
2252
2294
2235
2217
2307
2239
2231
2229
2349
2262
2247
2236
2255
2306
2181
2205
2194
2219
2244
2195
2263
2228
2224
2302
2166
2272
2178
2218
2264
2192
2300
2251
2211
2229
2226
2186
2216
2254
2236
2309
2271
2199
2231
2268
2216
2269
2252
2235
2214
2182
2190
2197
2200
2236
2283
2289
2225
2280
2189
2258
2256
2242
2224
2180
2340
2187
2285
2208
2284
2238
2267
2203
2232
2253
2264
2372
2204
2248
2223
2225
2265
2241
2195
2227
2251
2232
2280
2238
2150
2251
2210
2218
2212
2199
2267
2206
2182
2188
2228
2270
2273
2255
2178
2227
2195
2240
2288
2242
2242
2291
2241
2241
2275
2225
2221
2213
2266
2246
2186
2263
2167
2203
2259
2200
2227
2197
2251
2209
2210
2193
2232
2223
2240
2278
2253
2310
2245
2214
2199
2226
2199
2282
2294
2259
2231
2212
2255
2290
2222
2324
2233
2209
2268
2304
2201
2192
2221
2265
2298
2186
2285
2275
2217
2206
2245
2301
2236
2270
2265
2229
2254
2239
2204
2205
2186
2210
2248
2187
2222
2238
2225
2223
2244
2199
2234
2292
2290
2259
2260
2283
2251
2206
2299
2235
2267
2203
2234
2239
2319
2186
2237
2175
2195
2306
2179
2271
2226
2176
2289
2236
2232
2224
2318
2242
2245
2305
2269
2291
2242
2220
2220
2209
2245
2255
2249
2238
2202
2267
2197
2288
2248
2314
2249
2183
2212
2258
2183
2249
2278
2236
2219
2204
2256
2321
2228
2229
2286
2262
2222
2241
2245
2223
2269
2223
2256
2198
2289
2212
2253
2289
2194
2253
2257
2255
2254
2209
2366
2181
2238
2234
2246
2283
2191
2215
2177
2298
2208
2411
2326
2261
2365
2227
2257
2184
2289
2296
2211
2296
2231
2276
2240
2197
2241
2195
2256
2197
2383
2224
2232
2189
2206
2184
2219
2232
2253
2231
2207
2269
2187
2219
2183
2179
2273
2258
2246
2253
2185
2195
2216
2232
2233
2291
2209
2274
2278
2251
2252
2221
2202
2255
2227
2229
2227
2232
2274
2163
2252
2265
2315
2297
2302
2267
2248
2275
2247
2230
2222
2278
2251
2201
2215
2232
2256
2210
2237
2238
2273
2314
2263
2239
2244
2254
2206
2229
2219
2337
2229
2234
2245
2178
2220
2259
2289
2235
2197
2272
2247
2286
2279
2307
2229
2314
2223
2198
2247
2169
2300
2188
2177
2232
2274
2355
2278
2227
2194
2379
