2331
2204
2233
2219
2174
2220
2290
2226
2249
2222
2245
2282
2211
2194
2259
2372
2286
2215
2359
2233
2230
2244
2197
2262
2269
2278
2249
2237
2262
2249
2288
2191
2220
2285
2360
2284
2185
2329
2200
2250
2245
2245
2203
2216
2243
2258
2215
2217
2173
2230
2217
2241
2194
2237
2263
2257
2218
2269
2246
2213
2289
2273
2187
2266
2220
2261
2276
2250
2181
2252
2250
2234
2198
2236
2306
2314
2210
2320
2175
2290
2272
2246
2191
2261
2217
2292
2292
2257
2238
2375
2242
2234
2234
2245
2246
2318
2237
2208
2198
2247
2278
2272
2312
2246
2205
2280
2187
2243
2221
2242
2271
2228
2314
2289
2389
2238
2243
2251
2253
2265
2228
2221
2288
2263
2260
2288
2202
2188
2260
2276
2211
2237
2266
2236
2250
2327
2294
2213
2268
2239
2217
2202
2231
2193
2320
2217
2258
2240
2246
2310
2295
2200
2216
2322
2288
2304
2221
2302
2231
2249
2161
2212
2217
2246
2286
2255
2174
2309
2226
2345
2376
2246
2204
2271
2245
2318
2210
2209
2301
2283
2218
2225
2235
2213
2259
2249
2286
2210
2234
2242
2326
2220
2240
2258
2265
2261
2282
2234
2317
2245
2191
2323
2236
2253
2253
2276
2279
2251
2252
2270
2276
2287
2207
2211
2266
2341
2193
2287
2243
2236
2309
2225
2196
2254
2257
2242
2262
2264
2225
2237
2231
2253
2213
2265
2241
2202
2182
2371
2224
2204
2256
2238
2310
2236
2229
2347
2232
2231
2172
2210
2286
2272
2258
2251
2344
2289
2357
2190
2242
2218
2255
2262
2270
2257
2331
2219
2202
2228
2182
2167
2261
2250
2253
2218
2278
2177
2173
2216
2225
2183
2243
2270
2237
2227
2306
2219
2274
2246
2163
2204
2238
2232
2211
2326
2166
2271
2226
2235
2226
2246
2236
2270
2228
2274
2223
2244
2210
2312
2282
2208
2274
2211
2207
2287
2243
2288
2193
2231
2291
2335
2229
2322
2263
2292
2201
2320
2262
2237
2286
2274
2236
2252
2207
2249
2230
2277
2247
2327
2267
2214
2263
2255
2252
2364
2389
2194
2249
2254
2208
2209
2251
2256
2234
2288
2244
2214
2295
2233
2240
2222
2242
2213
2214
2304
2246
2217
2250
2212
2243
2218
2323
2296
2221
2219
2310
2228
2226
2274
2240
2247
2220
2282
2200
2203
2279
2328
2290
2254
2251
2259
2280
2212
2230
2274
2267
2224
2273
2236
2225
2224
2219
2235
2216
2189
2216
2249
2248
2206
2213
2236
2201
2221
2302
2244
2229
2220
2227
2256
2214
2206
2224
2221
2278
2234
2256
2206
2284
2219
2279
2267
2210
2218
2242
2230
2247
2244
2351
2249
2168
2262
2292
2333
2225
2267
2200
2306
2245
2216
2224
2239
2236
2193
2315
2253
2253
2213
2202
2236
2212
2262
2260
2221
2233
2190
2228
2287
2252
2209
2270
2250
2192
2242
2284
2235
2276
2264
2231
2258
2283
2249
2262
2235
2248
2218
2242
2277
2253
2254
2257
2247
2247
2248
2232
2284
2317
2228
2285
2238
2254
2233
