2277
2234
2290
2262
2241
2303
2243
2201
2262
2230
2192
2251
2263
2203
2273
2187
2207
2280
2294
2251
2225
2363
2240
2271
2271
2230
2189
2306
2251
2264
2263
2238
2220
2230
2197
2209
2246
2183
2227
2225
2317
2206
2278
2241
2206
2333
2177
2255
2227
2360
2317
2210
2249
2278
2338
2213
2257
2274
2246
2256
2299
2274
2208
2231
2218
2210
2329
2194
2266
2244
2221
2197
2202
2308
2283
2238
2185
2200
2277
2174
2294
2186
2233
2284
2214
2279
2196
2251
2211
2202
2224
2198
2231
2234
2201
2269
2275
2252
2239
2234
2294
2237
2266
2272
2254
2264
2240
2262
2282
2166
2230
2289
2300
2271
2303
2224
2190
2237
2193
2177
2302
2258
2240
2211
2215
2234
2191
2184
2303
2229
2272
2197
2278
2226
2227
2244
2218
2211
2205
2267
2204
2226
2323
2277
2244
2269
2224
2212
2193
2220
2196
2311
2268
2284
2237
2219
2187
2292
2255
2258
2242
2224
2270
2203
2222
2341
2196
2251
2210
2278
2215
2292
2262
2250
2214
2206
2218
2253
2338
2162
2297
2232
2289
2223
2180
2221
2243
2295
2200
2249
2201
2259
2272
2226
2210
2254
2272
2308
2205
2250
2200
2212
2194
2355
2251
2220
2250
2256
2225
2239
2183
2182
2223
2240
2311
2212
2201
2272
2254
2326
2247
2203
2244
2169
2254
2208
2210
2232
2213
2217
2238
2177
2204
2197
2205
2269
2212
2282
2206
2235
2275
2192
2217
2200
2187
2182
2259
2271
2328
2272
2188
2224
2243
2277
2242
2302
2339
2295
2222
2253
2252
2204
2168
2222
2280
2224
2244
2285
2224
2226
2366
2219
2257
2218
2245
2238
2222
2269
2291
2220
2201
2211
2250
2207
2240
2280
2255
2212
2262
2281
2216
2234
2219
2225
2265
2227
2204
2200
2251
2228
2218
2218
2247
2220
2272
2236
2272
2267
2216
2219
2281
2207
2231
2242
2278
2264
2192
2261
2208
2217
2217
2272
2243
2229
2210
2196
2198
2218
2208
2249
2251
2284
2238
2262
2220
2296
2366
2251
2194
2187
2178
2259
2188
2248
2221
2213
2354
2258
2202
2242
2275
2359
2301
2230
2323
2324
2251
2252
2202
2166
2246
2221
2256
2256
2372
2205
2184
2218
2285
2219
2205
2233
2293
2225
2295
2239
2243
2305
2257
2190
2238
2272
2223
2244
2240
2153
2275
2193
2246
2271
2219
2247
2268
2247
2218
2243
2324
2212
2219
2238
2243
2225
2229
2228
2242
2286
2277
2208
2247
2226
2318
2238
2195
2224
2235
2276
2294
2251
2170
2269
2201
2213
2219
2264
2248
2199
2174
2231
2239
2273
2247
2253
2296
2203
2248
2200
2232
2190
2242
2232
2268
2258
2237
2215
2202
2254
2315
2214
2207
2286
2301
2315
2273
2215
2209
2197
2232
2210
2290
2229
2286
2228
2197
2243
2179
2230
2223
2241
2241
2196
2254
2286
2240
2260
2254
2346
2227
2310
2262
2277
2263
2203
2258
2261
2268
2221
2285
2247
2243
2265
2282
2303
2222
2282
2200
2158
2226
2196
2205
2249
