2462
2395
2438
2320
2765
2416
2501
2496
2594
2475
2467
2303
2488
2433
2459
2415
2448
2492
2362
2336
2391
2434
2464
2409
2440
2272
2414
2456
2415
2367
2498
2414
2389
2400
2468
2366
2638
2440
2670
2562
2296
2377
2408
2403
2428
2557
2342
2494
2399
2351
2409
2534
2385
2495
2430
2504
2508
2520
2336
2554
2426
2306
2449
2423
2322
2578
2444
2439
2344
2447
2451
2425
2416
2438
2450
2398
2369
2486
2469
2341
2409
2408
2446
2516
2428
2437
2414
2401
2405
2347
2401
2324
2380
2401
2418
2394
2420
2477
2476
2447
2492
2507
2466
2422
2386
2457
2400
2449
2409
2454
2437
2416
2465
2409
2377
2506
2558
2408
2353
2370
2476
2356
2367
2417
2369
2445
2480
2425
2603
2544
2496
2733
2350
2373
2465
2350
2565
2512
2362
2395
2399
2524
2506
2449
2388
2508
2449
2417
2354
2289
2448
2698
2522
2467
2345
2402
2382
2366
2492
2501
2360
2348
2338
2347
2439
2491
2381
2396
2349
2385
2430
2402
2401
2463
2386
2363
2338
2469
2566
2277
2377
2336
2503
2495
2404
2529
2472
2430
2411
2451
2395
2529
2341
2458
2457
2411
2423
2487
2426
2461
2451
2661
2427
2340
2440
2423
2381
2521
2508
2413
2379
2414
2561
2423
2488
2320
2489
2418
2305
2622
2452
2280
2480
2455
2362
2398
2519
2421
2491
2581
2392
2500
2348
2510
2346
2318
2636
2408
2350
2491
2528
2379
2595
2376
2567
2356
2546
2420
2363
2513
2454
2462
2461
2381
2406
2360
2470
2528
2584
2417
2400
2435
2413
2437
2394
2308
2404
2316
2684
2572
2414
2494
2434
2535
2426
2373
2398
2363
2513
2441
2481
2469
2324
2395
2365
2360
2340
2379
2573
2522
2508
2550
2431
2547
2358
2411
2335
2438
2517
2331
2454
2418
2451
2582
2500
2396
2475
2397
2365
2583
2430
2523
2393
2506
2358
2559
2274
2382
2498
2425
2354
2452
2428
2464
2560
2464
2427
2538
2424
2460
2523
2495
2322
2307
2356
2490
2530
2337
2414
2584
2417
2397
2403
2292
2300
2443
2493
2323
2423
2337
2304
2542
2425
2397
2473
2419
2503
2471
2569
2467
2435
2424
2458
2523
2502
2417
2524
2380
2297
2497
2446
2389
2410
2425
2405
2510
2360
2522
2362
2427
2524
2378
2444
2376
2437
2396
2390
2352
2414
2434
2434
2402
2571
2387
2494
2331
2359
2362
2638
2508
2339
2409
2486
2401
2388
2348
2505
2436
2584
2506
2577
2531
2452
2375
2360
2487
2596
2472
2598
2408
2363
2412
2396
2359
2375
2422
2558
2492
2406
2441
2692
2312
2570
2529
2402
2396
2423
2735
2496
2391
2356
2410
2535
2474
2484
2347
2329
2365
2549
2449
2397
2423
2325
2444
2423
2499
2322
2443
2302
2309
2415
2610
2385
2401
2556
2439
2381
2398
2375
2314
2342
2532
2485
2339
2307
2461
2486
2392
2462
2633
2330
2414
2411
2519
2496
2518
2292
2476
2382
2344
2431
2488
2477
2376
2360
2438
2508
2290
2524
2512
