2586
2716
2413
2364
2481
2414
2390
2465
2409
2443
2408
2370
2669
2711
2602
2342
2547
2479
2373
2341
2441
2588
2428
2351
2430
2547
2359
2375
2447
2269
2438
2404
2370
2468
2558
2626
2624
2417
2368
2379
2474
2472
2498
2343
2328
2341
2451
2408
2378
2395
2328
2480
2487
2303
2390
2310
2393
2431
2504
2419
2364
2359
2477
2490
2416
2392
2334
2299
2497
2385
2346
2434
2328
2625
2319
2411
2401
2494
2407
2374
2451
2440
2448
2412
2286
2375
2434
2461
2343
2386
2420
2452
2424
2370
2387
2348
2393
2415
2478
2399
2332
2496
2400
2326
2351
2568
2366
2400
2515
2339
2533
2535
2330
2366
2397
2388
2490
2398
2433
2393
2360
2412
2450
2419
2310
2381
2342
2437
2520
2428
2364
2487
2317
2398
2403
2527
2280
2419
2318
2545
2506
2395
2500
2438
2525
2494
2509
2309
2385
2509
2402
2323
2403
2319
2355
2423
2321
2413
2335
2557
2388
2517
2446
2535
2418
2413
2616
2503
2436
2466
2500
2452
2459
2422
2389
2488
2540
2353
2401
2354
2314
2406
2376
2414
2416
2282
2411
2503
2544
2292
2520
2467
2334
2359
2314
2377
2388
2315
2387
2629
2325
2333
2544
2394
2451
2460
2400
2333
2465
2550
2487
2433
2331
2363
2409
2458
2499
2399
2488
2402
2370
2275
2457
2438
2368
2424
2442
2452
2349
2445
2407
2403
2344
2417
2382
2406
2410
2456
2485
2519
2514
2489
2418
2432
2469
2383
2616
2534
2486
2464
2521
2385
2207
2400
2446
2463
2357
2363
2468
2335
2380
2488
2482
2326
2463
2423
2402
2272
2569
2397
2364
2376
2494
2607
2304
2400
2384
2351
2530
2431
2412
2375
2392
2418
2401
2327
2523
2246
2437
2362
2350
2491
2323
2480
2414
2555
2440
2393
2433
2563
2372
2348
2435
2529
2447
2447
2523
2328
2676
2599
2441
2342
2446
2409
2367
2413
2402
2638
2389
2555
2341
2295
2481
2411
2424
2302
2398
2352
2340
2375
2422
2690
2392
2465
2462
2605
2449
2530
2476
2588
2319
2522
2622
2369
2602
2655
2370
2518
2389
2523
2511
2408
2369
2461
2342
2425
2366
2429
2410
2434
2503
2393
2455
2353
2387
2488
2425
2493
2394
2447
2312
2542
2486
2407
2410
2330
2502
2435
2391
2435
2492
2392
2348
2444
2649
2379
2331
2457
2491
2405
2449
2330
2444
2473
2499
2373
2429
2318
2337
2513
2515
2399
2421
2407
2361
2429
2532
2446
2640
2367
2500
2412
2319
2358
2380
2464
2433
2385
2490
2439
2476
2320
2401
2637
2346
2415
2439
2470
2371
2401
2376
2478
2375
2394
2405
2450
2438
2357
2406
2420
2426
2550
2446
2443
2351
2339
2473
2476
2432
2411
2395
2345
2247
2558
2497
2356
2513
2402
2426
2360
2483
2340
2514
2445
2502
2406
2468
2336
2393
2353
2401
2400
2355
2643
2453
2419
2386
2576
2466
2395
2442
2391
2341
2394
2345
2389
2511
2500
2374
2385
2376
2697
2460
2318
2436
2425
2429
2337
2349
2417
