2706
2381
2633
2352
2409
2329
2476
2427
2259
2354
2432
2308
2406
2316
2361
2388
2357
2254
2524
2361
2344
2610
2338
2368
2381
2411
2482
2428
2408
2395
2473
2359
2265
2584
2440
2382
2440
2409
2573
2369
2292
2524
2525
2428
2367
2393
2261
2447
2347
2371
2462
2442
2398
2400
2340
2317
2499
2335
2343
2373
2521
2522
2482
2354
2495
2437
2558
2431
2408
2454
2462
2347
2426
2501
2537
2393
2367
2401
2388
2368
2511
2387
2437
2539
2498
2538
2365
2480
2366
2298
2406
2460
2355
2443
2547
2417
2349
2309
2370
2325
2441
2454
2288
2297
2372
2313
2507
2425
2495
2618
2452
2459
2368
2418
2645
2384
2399
2427
2445
2385
2392
2399
2390
2386
2393
2404
2616
2438
2497
2427
2264
2477
2302
2341
2335
2412
2405
2335
2296
2390
2420
2321
2335
2371
2391
2403
2396
2511
2508
2458
2641
2337
2579
2365
2559
2376
2353
2394
2453
2427
2361
2366
2379
2350
2339
2333
2501
2494
2414
2381
2379
2435
2417
2467
2620
2368
2346
2374
2511
2482
2335
2398
2324
2384
2404
2373
2358
2417
2471
2376
2484
2327
2298
2382
2402
2401
2325
2321
2425
2530
2460
2458
2497
2562
2668
2402
2405
2472
2635
2364
2301
2435
2396
2379
2403
2434
2360
2411
2362
2331
2452
2413
2418
2357
2350
2294
2414
2414
2620
2444
2529
2496
2450
2600
2414
2526
2451
2355
2380
2571
2337
2341
2400
2445
2509
2475
2442
2419
2387
2553
2440
2224
2329
2490
2504
2533
2464
2444
2406
2402
2536
2427
2569
2392
2499
2402
2332
2431
2423
2336
2390
2432
2416
2473
2362
2469
2438
2439
2372
2388
2398
2342
2475
2473
2395
2438
2349
2440
2344
2501
2322
2364
2562
2529
2611
2334
2342
2637
2428
2439
2461
2315
2426
2513
2487
2539
2424
2487
2534
2349
2440
2453
2566
2296
2464
2386
2290
2448
2397
2375
2475
2448
2468
2505
2329
2431
2441
2515
2274
2431
2521
2340
2387
2530
2459
2564
2557
2315
2368
2325
2314
2490
2363
2493
2403
2307
2488
2415
2326
2336
2435
2414
2387
2454
2389
2458
2357
2327
2398
2369
2323
2390
2399
2466
2396
2455
2405
2374
2426
2311
2437
2407
2337
2417
2393
2422
2545
2449
2441
2447
2388
2406
2494
2473
2279
2480
2438
2328
2342
2373
2372
2356
2310
2581
2354
2516
2367
2416
2464
2308
2373
2357
2403
2297
2668
2499
2358
2319
2662
2338
2422
2510
2395
2535
2411
2437
2352
2470
2299
2536
2316
2522
2389
2488
2482
2342
2394
2579
2308
2356
2437
2380
2558
2284
2334
2389
2348
2457
2424
2434
2523
2334
2397
2294
2436
2447
2376
2478
2492
2384
2399
2376
2434
2392
2458
2524
2410
2342
2517
2327
2400
2400
2382
2635
2440
2463
2348
2337
2351
2415
2368
2604
2463
2394
2501
2331
2403
2537
2450
2340
2381
2517
2413
2321
2406
2487
2391
2498
2357
2378
2370
2482
2328
2443
2397
2343
2552
2398
2508
2304
