2359
2396
2338
2426
2329
2455
2313
2518
2386
2371
2344
2427
2332
2526
2269
2300
2359
2422
2325
2452
2375
2462
2347
2460
2530
2513
2347
2427
2392
2541
2366
2408
2371
2467
2411
2389
2408
2440
2465
2317
2343
2333
2406
2520
2508
2410
2371
2451
2383
2502
2488
2401
2358
2373
2476
2398
2466
2379
2417
2320
2333
2482
2391
2465
2356
2381
2384
2571
2484
2345
2622
2564
2366
2365
2443
2648
2458
2373
2509
2331
2471
2632
2380
2471
2460
2510
2307
2306
2535
2365
2493
2314
2424
2436
2443
2311
2468
2381
2385
2405
2464
2469
2396
2427
2535
2361
2444
2324
2513
2484
2349
2485
2301
2378
2434
2406
2524
2354
2525
2363
2448
2421
2442
2383
2491
2318
2339
2259
2393
2394
2325
2367
2432
2414
2509
2483
2424
2469
2453
2513
2622
2440
2318
2393
2378
2509
2313
2306
2453
2397
2275
2382
2454
2706
2408
2552
2423
2392
2371
2410
2400
2393
2367
2499
2309
2494
2286
2355
2331
2530
2364
2428
2532
2587
2321
2435
2427
2406
2345
2413
2546
2400
2409
2337
2358
2438
2406
2301
2463
2386
2505
2372
2454
2483
2345
2486
2462
2451
2420
2333
2360
2333
2504
2415
2554
2433
2392
2411
2449
2302
2429
2513
2375
2409
2308
2332
2443
2544
2321
2465
2472
2363
2566
2351
2355
2435
2311
2358
2455
2430
2428
2419
2447
2452
2411
2438
2380
2468
2470
2507
2362
2378
2432
2313
2569
2506
2330
2289
2493
2439
2580
2530
2325
2388
2389
2435
2331
2356
2460
2627
2385
2395
2417
2302
2527
2460
2394
2365
2374
2356
2411
2407
2299
2436
2359
2407
2465
2434
2506
2496
2431
2412
2394
2420
2307
2420
2320
2406
2376
2452
2363
2394
2435
2360
2368
2376
2572
2367
2421
2628
2328
2432
2344
2388
2372
2387
2472
2386
2544
2372
2429
2486
2407
2304
2413
2413
2506
2420
2439
2430
2436
2395
2403
2358
2386
2430
2500
2276
2414
2373
2440
2342
2492
2315
2444
2478
2447
2322
2406
2403
2366
2376
2405
2397
2315
2390
2325
2596
2381
2502
2357
2365
2503
2441
2409
2330
2454
2364
2357
2368
2348
2372
2459
2311
2395
2538
2369
2381
2417
2392
2408
2463
2464
2372
2448
2436
2515
2400
2427
2356
2347
2293
2361
2459
2363
2354
2323
2290
2412
2372
2327
2359
2381
2406
2388
2472
2386
2413
2543
2443
2418
2380
2373
2476
2399
2303
2357
2457
2526
2346
2554
2447
2655
2463
2356
2319
2450
2459
2349
2523
2380
2286
2469
2344
2486
2449
2345
2439
2386
2457
2453
2606
2565
2574
2457
2434
2460
2531
2418
2363
2467
2427
2331
2293
2416
2281
2385
2478
2404
2554
2568
2375
2545
2518
2382
2355
2510
2339
2588
2376
2380
2385
2402
2362
2450
2266
2417
2414
2410
2379
2442
2374
2453
2545
2437
2409
2478
2408
2647
2450
2392
2426
2400
2425
2432
2371
2440
2389
2521
2301
2479
2411
2390
2450
2419
2597
2290
2440
2390
2357
