2469
2536
2432
2376
2385
2342
2431
2366
2423
2411
2382
2391
2444
2405
2322
2338
2411
2367
2366
2497
2410
2322
2350
2386
2397
2344
2396
2598
2455
2435
2437
2482
2361
2358
2422
2356
2474
2601
2386
2425
2495
2352
2437
2431
2556
2428
2425
2498
2320
2389
2374
2456
2328
2546
2362
2387
2391
2354
2365
2412
2543
2360
2362
2342
2466
2581
2395
2366
2381
2405
2387
2492
2377
2327
2410
2419
2376
2520
2475
2642
2533
2486
2277
2507
2592
2436
2314
2385
2306
2607
2323
2556
2418
2462
2434
2376
2458
2432
2347
2442
2544
2371
2387
2313
2460
2365
2462
2412
2403
2353
2463
2427
2492
2378
2432
2538
2474
2325
2414
2371
2524
2391
2364
2378
2419
2369
2474
2622
2474
2341
2687
2374
2440
2520
2351
2283
2464
2438
2377
2348
2530
2326
2474
2412
2287
2409
2366
2533
2325
2297
2298
2379
2554
2418
2385
2382
2449
2372
2370
2390
2449
2460
2439
2443
2446
2403
2274
2391
2481
2385
2357
2395
2354
2569
2479
2317
2463
2378
2493
2318
2460
2358
2526
2322
2511
2461
2459
2427
2372
2378
2399
2580
2485
2369
2634
2351
2335
2521
2415
2383
2459
2764
2380
2395
2351
2406
2384
2526
2494
2407
2341
2387
2446
2375
2369
2354
2521
2434
2357
2409
2491
2465
2379
2416
2423
2279
2496
2367
2403
2367
2412
2387
2308
2350
2511
2593
2689
2384
2362
2347
2349
2381
2364
2385
2443
2505
2417
2310
2388
2317
2366
2439
2450
2353
2347
2386
2455
2307
2474
2499
2389
2546
2477
2344
2616
2421
2478
2361
2366
2420
2423
2429
2438
2367
2506
2421
2356
2340
2577
2374
2402
2463
2369
2376
2359
2405
2477
2391
2406
2366
2439
2349
2387
2404
2445
2377
2539
2472
2433
2413
2416
2384
2420
2357
2396
2474
2429
2459
2361
2465
2438
2366
2281
2675
2445
2389
2422
2413
2449
2476
2625
2402
2269
2687
2281
2437
2364
2429
2360
2719
2423
2414
2498
2368
2400
2447
2550
2477
2414
2343
2420
2333
2298
2513
2383
2442
2319
2395
2415
2422
2345
2421
2369
2558
2418
2540
2247
2446
2310
2406
2406
2487
2303
2343
2346
2358
2348
2480
2546
2507
2508
2456
2377
2373
2426
2333
2325
2387
2493
2378
2387
2551
2453
2514
2299
2502
2365
2340
2454
2410
2476
2426
2405
2373
2468
2376
2438
2343
2418
2485
2344
2367
2426
2366
2361
2407
2470
2313
2519
2426
2468
2502
2456
2637
2396
2580
2371
2323
2483
2344
2564
2372
2479
2329
2560
2521
2445
2526
2456
2447
2425
2624
2460
2454
2605
2465
2431
2304
2436
2368
2518
2478
2566
2415
2392
2481
2352
2508
2371
2443
2621
2448
2531
2479
2506
2287
2410
2625
2378
2375
2468
2419
2408
2328
2471
2455
2373
2396
2415
2558
2461
2605
2404
2411
2632
2424
2486
2382
2519
2347
2350
2330
2393
2481
2454
2487
2415
2346
2490
2382
2433
2346
2399
2532
2504
2412
2602
2305
2612
2592
