2443
2402
2533
2490
2293
2634
2442
2451
2372
2417
2319
2393
2446
2535
2391
2409
2371
2541
2467
2353
2597
2311
2309
2425
2338
2373
2359
2499
2407
2360
2379
2241
2427
2367
2415
2366
2415
2412
2647
2542
2435
2669
2431
2518
2303
2366
2604
2466
2587
2439
2331
2394
2393
2525
2412
2407
2389
2277
2308
2391
2475
2429
2400
2438
2454
2498
2463
2435
2626
2468
2348
2499
2573
2417
2450
2397
2366
2415
2372
2463
2431
2414
2283
2329
2284
2353
2401
2525
2384
2512
2328
2354
2360
2350
2426
2589
2431
2430
2337
2603
2493
2360
2527
2344
2612
2466
2421
2320
2411
2447
2316
2327
2408
2369
2388
2491
2322
2529
2325
2466
2343
2416
2387
2460
2421
2606
2384
2497
2537
2433
2523
2363
2328
2418
2482
2361
2565
2410
2366
2523
2404
2387
2434
2344
2484
2402
2408
2376
2430
2462
2402
2381
2427
2422
2457
2441
2499
2547
2453
2525
2534
2423
2489
2387
2542
2497
2377
2424
2500
2371
2564
2319
2350
2534
2388
2387
2321
2475
2539
2498
2772
2287
2392
2403
2491
2468
2452
2329
2329
2332
2535
2359
2506
2701
2405
2325
2442
2435
2425
2434
2458
2343
2371
2363
2432
2375
2447
2523
2375
2564
2400
2341
2412
2363
2517
2449
2511
2276
2372
2360
2389
2421
2549
2321
2375
2462
2455
2486
2484
2374
2473
2542
2753
2454
2458
2312
2452
2475
2551
2338
2572
2429
2492
2369
2408
2334
2425
2473
2401
2449
2465
2355
2452
2468
2386
2413
2384
2395
2408
2434
2593
2411
2370
2329
2362
2342
2408
2319
2423
2434
2494
2481
2439
2500
2499
2318
2450
2536
2449
2418
2436
2376
2361
2388
2494
2442
2536
2538
2468
2489
2402
2449
2388
2412
2542
2392
2393
2537
2469
2617
2438
2575
2388
2704
2571
2385
2436
2418
2667
2423
2419
2534
2383
2427
2344
2376
2487
2346
2433
2337
2459
2664
2284
2491
2405
2346
2396
2476
2460
2467
2420
2297
2533
2403
2390
2490
2451
2425
2519
2488
2539
2467
2500
2461
2417
2469
2410
2397
2385
2469
2450
2448
2508
2567
2339
2396
2540
2351
2432
2588
2368
2512
2577
2537
2441
2501
2342
2359
2572
2431
2321
2512
2311
2359
2415
2287
2452
2328
2490
2488
2499
2418
2346
2515
2366
2432
2309
2568
2339
2360
2443
2461
2386
2427
2354
2306
2335
2384
2444
2453
2288
2335
2554
2442
2441
2357
2451
2338
2401
2592
2269
2433
2498
2436
2427
2413
2408
2406
2426
2349
2431
2516
2432
2430
2279
2426
2553
2365
2404
2379
2435
2449
2473
2411
2543
2542
2461
2496
2450
2537
2699
2302
2386
2564
2371
2421
2579
2411
2368
2487
2426
2418
2519
2611
2294
2425
2621
2323
2412
2378
2443
2360
2442
2314
2725
2485
2333
2496
2552
2397
2430
2447
2671
2399
2468
2369
2481
2415
2369
2451
2410
2515
2389
2364
2505
2433
2396
2313
2457
2351
2419
2454
2522
2399
2372
2409
2394
2512
2536
2460
