2397
2438
2365
2428
2501
2421
2343
2380
2358
2627
2530
2383
2352
2321
2329
2389
2400
2404
2316
2403
2641
2464
2396
2392
2381
2387
2492
2487
2367
2327
2497
2503
2397
2442
2346
2488
2402
2381
2354
2449
2514
2493
2346
2323
2402
2311
2538
2360
2372
2392
2434
2335
2382
2417
2421
2264
2525
2456
2374
2507
2435
2447
2399
2377
2362
2439
2430
2497
2447
2402
2450
2418
2525
2373
2369
2380
2391
2346
2467
2378
2374
2557
2408
2378
2447
2391
2420
2415
2341
2605
2537
2364
2495
2293
2366
2426
2406
2580
2425
2359
2287
2448
2394
2365
2451
2440
2518
2369
2436
2424
2465
2457
2450
2348
2342
2302
2358
2443
2426
2445
2398
2334
2380
2456
2433
2439
2561
2530
2338
2453
2662
2513
2435
2345
2430
2421
2408
2341
2445
2445
2461
2369
2594
2488
2371
2239
2578
2527
2409
2520
2453
2507
2582
2340
2515
2358
2573
2352
2425
2624
2405
2581
2356
2529
2474
2453
2302
2347
2428
2416
2377
2392
2372
2363
2452
2396
2410
2481
2488
2453
2415
2436
2367
2351
2402
2323
2504
2370
2390
2484
2344
2377
2417
2610
2490
2335
2481
2615
2402
2450
2458
2405
2408
2523
2385
2359
2419
2350
2436
2369
2347
2384
2388
2619
2537
2424
2343
2445
2323
2448
2352
2623
2481
2302
2346
2504
2400
2421
2494
2484
2506
2367
2349
2385
2420
2347
2360
2402
2461
2420
2337
2347
2392
2556
2361
2263
2543
2378
2603
2454
2357
2583
2305
2342
2411
2323
2463
2505
2404
2357
2390
2392
2341
2312
2348
2423
2474
2463
2403
2430
2462
2420
2340
2411
2380
2397
2478
2338
2439
2363
2306
2361
2527
2319
2361
2453
2464
2407
2297
2354
2426
2452
2405
2461
2295
2312
2386
2480
2489
2347
2443
2338
2412
2593
2457
2393
2362
2452
2894
2336
2389
2321
2382
2401
2465
2399
2437
2600
2572
2425
2333
2358
2371
2472
2382
2387
2470
2415
2375
2421
2409
2369
2383
2388
2341
2329
2401
2346
2470
2296
2393
2535
2563
2364
2515
2320
2530
2406
2399
2338
2448
2427
2496
2390
2468
2292
2358
2309
2453
2461
2501
2418
2383
2385
2380
2469
2376
2316
2288
2308
2680
2407
2356
2458
2438
2398
2451
2459
2364
2379
2488
2380
2326
2450
2421
2291
2456
2328
2333
2387
2515
2376
2390
2373
2294
2352
2659
2448
2391
2274
2439
2266
2329
2413
2374
2464
2405
2451
2436
2467
2363
2523
2402
2726
2493
2425
2352
2432
2410
2508
2351
2351
2284
2420
2357
2527
2386
2400
2367
2455
2551
2348
2454
2391
2467
2302
2594
2385
2607
2526
2343
2359
2455
2354
2371
2468
2435
2505
2413
2496
2450
2385
2538
2579
2415
2410
2329
2510
2306
2393
2444
2370
2297
2603
2396
2410
2433
2307
2431
2386
2553
2503
2506
2518
2490
2285
2411
2401
2351
2558
2395
2388
2423
2391
2504
2544
2457
2368
2322
2509
2445
2381
2397
2471
2415
2403
2434
2409
2463
2482
