2393
2359
2432
2447
2415
2488
2486
2417
2487
2352
2290
2391
2565
2480
2329
2585
2476
2410
2370
2389
2365
2598
2459
2323
2418
2366
2364
2394
2356
2576
2427
2307
2412
2347
2388
2329
2340
2439
2327
2349
2405
2414
2471
2472
2335
2354
2477
2392
2449
2414
2302
2352
2333
2411
2372
2538
2366
2391
2451
2356
2447
2454
2298
2343
2338
2400
2304
2365
2370
2344
2383
2364
2587
2548
2499
2486
2480
2415
2462
2386
2330
2262
2370
2328
2488
2380
2429
2446
2369
2312
2415
2405
2528
2415
2409
2461
2401
2325
2513
2591
2379
2377
2477
2430
2431
2386
2427
2405
2479
2327
2420
2576
2373
2463
2286
2374
2501
2402
2457
2579
2405
2365
2400
2420
2536
2321
2436
2505
2536
2375
2290
2327
2429
2460
2502
2349
2351
2508
2404
2530
2433
2429
2443
2470
2404
2364
2649
2403
2588
2372
2606
2486
2327
2405
2326
2388
2491
2341
2503
2397
2363
2276
2486
2346
2515
2548
2446
2320
2426
2382
2369
2471
2501
2421
2399
2434
2410
2409
2392
2305
2441
2397
2479
2388
2312
2284
2400
2448
2344
2506
2422
2496
2429
2520
2382
2493
2444
2524
2321
2312
2377
2372
2461
2544
2529
2439
2317
2518
2331
2368
2389
2415
2421
2400
2371
2398
2305
2415
2332
2407
2364
2319
2379
2314
2380
2366
2523
2412
2331
2375
2515
2357
2355
2331
2457
2438
2553
2373
2485
2645
2486
2359
2522
2433
2343
2447
2381
2354
2389
2444
2396
2282
2383
2357
2455
2410
2373
2321
2409
2386
2395
2316
2375
2387
2373
2368
2397
2396
2357
2320
2512
2368
2323
2437
2353
2526
2450
2429
2428
2499
2326
2344
2558
2380
2298
2396
2534
2293
2468
2433
2369
2516
2607
2402
2356
2492
2384
2379
2441
2397
2423
2474
2416
2671
2336
2482
2383
2412
2391
2421
2423
2328
2333
2384
2391
2427
2559
2408
2374
2596
2341
2494
2366
2422
2421
2432
2331
2622
2503
2589
2303
2333
2433
2646
2482
2298
2299
2369
2291
2329
2446
2483
2529
2279
2551
2354
2344
2456
2412
2373
2407
2521
2412
2395
2335
2344
2501
2364
2382
2331
2321
2408
2573
2278
2422
2440
2295
2488
2388
2446
2407
2390
2422
2289
2510
2434
2458
2292
2338
2402
2364
2404
2366
2462
2407
2477
2383
2356
2371
2383
2365
2314
2338
2351
2416
2373
2417
2314
2577
2445
2452
2479
2662
2403
2395
2462
2361
2360
2365
2521
2374
2436
2326
2322
2343
2415
2279
2351
2322
2485
2309
2385
2333
2529
2357
2436
2326
2451
2518
2595
2367
2454
2371
2373
2369
2412
2390
2388
2465
2339
2403
2398
2479
2400
2535
2372
2338
2432
2511
2444
2430
2300
2410
2547
2363
2428
2508
2652
2329
2506
2400
2522
2401
2376
2418
2477
2521
2469
2399
2453
2389
2412
2352
2347
2431
2369
2391
2524
2450
2582
2449
2439
2400
2483
2398
2470
2278
2353
2511
2497
2494
2492
2488
2363
2475
2359
2453
2627
2371
2418
