2731
4275
3128
2682
2844
2921
2956
2644
2903
2685
2642
2973
2999
3799
2939
3914
3408
2655
3484
3032
2883
2814
3240
3030
2998
3086
3066
3646
3139
2746
3041
2619
2729
2771
2743
4058
2813
4967
4263
4501
2977
2614
3176
2990
2734
3017
2744
4922
3663
3487
2682
2741
2798
2584
2979
2737
3893
2667
2679
2679
2694
2709
2609
3335
3249
2826
2793
2665
2808
2970
2996
2646
2608
3239
2893
2851
2645
3180
3299
2895
3237
2805
3038
2732
2879
2769
2871
2492
4832
3506
4393
3350
3972
3353
2782
3288
2631
3102
2933
2723
3474
2843
2837
2722
3194
3460
3393
2829
2716
2743
2892
4007
3004
2954
2600
2947
2942
4129
2692
2703
3007
2738
3319
2861
2753
2969
3941
2864
2816
3187
3175
2834
2861
4813
3051
3345
2886
3007
3324
3024
3089
4521
2756
3502
2553
2844
3394
3869
2749
2938
2659
2976
2613
4236
2607
2918
2589
2903
2919
2870
2884
2949
3430
2489
3203
3132
2880
2898
2845
2723
2614
3387
4340
2685
2916
3002
4734
3170
2941
3001
3488
3524
3102
6535
3069
3308
3654
3654
2678
2989
2795
2819
2448
3058
2938
2618
3469
2967
2824
2863
