2274
2351
2530
2215
2453
2317
2294
2353
2360
2353
2284
2285
2420
2324
2480
2325
2320
2200
2316
2342
2403
2494
2325
2581
2349
2338
2534
2485
2480
2348
2343
2449
2470
2291
2354
2670
2388
2323
2307
2418
2314
2401
2532
2586
2640
2459
2385
2427
2368
2375
2445
2344
2416
2364
2578
2172
2320
2306
2292
2396
2365
2385
2470
2295
2288
2422
2450
2211
2573
2297
2259
2434
2245
2289
2348
2391
2411
2378
2492
2310
2352
2307
2246
2477
2489
2342
2336
2454
2433
2426
2265
2397
2357
2322
2350
2377
2332
2346
2292
2492
2341
2311
2352
2405
2433
2348
2603
2297
2277
2420
2375
2410
2399
2318
2397
2278
2320
2383
2500
2401
2360
2324
2485
2346
2437
2268
2395
2427
2471
2473
2274
2258
2448
2464
2439
2293
2503
2268
2262
2243
2361
2372
2364
2388
2476
2327
2418
2308
2435
2336
2379
2267
2636
2256
2559
2515
2343
2340
2246
2383
2278
2333
2444
2327
2541
2329
2379
2244
2265
2416
2448
2302
2219
2358
2586
2610
2296
2522
2359
2337
2303
2459
2347
2469
2422
2678
2326
2366
2374
2287
2818
2543
2299
2340
2487
2437
2385
2520
2533
2536
