2700
3305
2602
2497
2459
2564
2357
2541
2428
3144
2745
2439
2840
2309
2534
2538
2975
2492
2460
2488
2890
3426
2698
2618
2781
2486
3169
2453
2445
2627
2923
2585
2236
2468
2505
2964
2476
2245
2837
2832
2293
2321
2164
2555
2573
2381
2620
2752
2284
2295
3508
2276
2876
2389
2800
2268
2988
2595
2437
2532
2237
2500
2295
2667
2509
2557
2332
2439
2606
2340
2713
2678
2568
2702
2448
2153
2314
2988
2366
2355
2645
2694
2444
2830
2307
2611
2366
2342
2787
2554
2464
2479
2273
2523
2804
2825
2704
2575
2479
2611
2719
2463
3072
2493
2578
2550
3019
2811
2705
2443
2358
2527
2390
2685
2598
2497
2404
2284
3171
2713
2445
2383
2565
2859
2453
2513
2445
2812
2674
2574
2764
2396
2447
2245
2654
2412
2572
2471
2838
2525
2642
2372
2273
2471
2419
2575
2504
2494
2526
2928
2819
2447
2751
2348
2413
2609
2604
2599
2583
2471
3031
2474
2531
2593
2342
2570
2420
2533
2373
2570
2443
2705
2586
2766
2429
2458
2409
2596
2610
2328
2492
2726
2625
2665
2600
2371
2555
2523
2705
2786
2639
2695
2908
2411
2371
2447
2545
2583
2749
2578
