2969
2528
3049
2506
2554
2499
2439
2482
2465
2492
2316
2641
2422
2616
2827
2216
2442
2438
2470
2471
2385
2563
2452
2619
2633
2474
2630
2536
2373
2236
2314
3251
2672
2781
2492
2676
2510
2726
2434
2578
2872
2572
2421
2497
2376
2484
3130
2369
2353
2401
2568
2501
2864
2546
2423
2894
2453
2481
2533
2903
2865
2325
2389
2770
2508
2559
2726
2562
2231
2685
2420
2654
2528
2387
2329
2481
2527
2411
2630
2560
2616
2365
2649
2637
2360
2618
2527
2295
2568
2500
2391
2721
2411
2466
2740
3057
2619
2533
2218
2728
2316
2526
2730
2497
2901
2629
2471
2495
2437
2577
2814
2732
2772
2602
2444
2809
2755
2587
2563
2397
2771
2500
2634
2486
2450
2804
2783
2251
2499
2366
2562
2760
2431
2628
3030
2644
2634
2279
2761
2445
2475
2470
2460
2251
2689
2715
2209
2614
2251
2519
2646
2430
2443
2571
2385
2491
2803
3062
2781
2695
2752
2519
2399
2550
2891
2771
2757
2907
2505
2552
2410
2621
2445
2449
2437
2502
2485
3007
2356
2581
2630
2568
2536
2528
2465
2377
2764
2380
2544
2596
2760
2777
2406
2889
2362
3068
2436
2539
2613
2784
