2475
2520
2361
2631
2551
2434
2468
2445
2518
2246
2438
2346
2785
2346
2542
2340
2330
2376
2913
2289
2347
2529
2370
2511
2547
2249
2258
2365
2343
2217
2328
2358
3064
2647
2539
2316
2412
2527
2572
2437
2196
2359
2535
2562
2391
2799
2656
2383
2367
2884
2438
2462
2459
2410
2406
2683
2273
2463
2154
2309
2293
2194
2284
2327
2832
2562
2496
2481
2561
2356
2474
2511
2304
2425
2430
2318
2353
2452
2325
2268
2430
2299
2176
2292
2388
2442
2848
2533
2285
2404
2332
2597
2327
2613
2292
2478
2281
2221
2569
2524
2611
2627
2277
2489
2508
2379
2611
2248
2431
2495
2625
2318
2530
2367
2282
2187
2439
2514
2564
2655
2455
2250
2239
2675
2391
2447
2319
2341
2291
2498
2384
2388
2307
2374
2709
2532
2452
2461
2486
2604
2405
2537
2359
2855
2885
2266
2387
2276
2442
2427
2229
2578
2225
2347
2388
2280
2241
2391
2779
2413
2493
2333
2799
2707
2330
2470
2299
2402
2910
2190
2256
2446
2419
2471
2562
2320
2339
2422
2531
2537
2506
2458
2302
2267
2524
2406
2239
2281
2206
2593
2958
2268
2355
2469
2280
2538
2538
2583
2695
2214
