2706
3299
2828
3057
2914
5437
3280
3014
2960
2918
3095
4301
3940
2467
2882
2910
2874
3120
3142
2805
2942
2889
3169
2740
2961
3053
2889
3816
3485
2691
3654
2577
3947
3099
2822
2721
2866
3454
2687
2966
2703
2715
2703
3117
3200
2706
3003
3569
3000
4604
3192
3108
3745
2760
3042
3458
2714
3172
2803
2767
5298
3074
2499
3039
2560
2792
2710
3344
3069
3669
4487
2903
5800
2835
2756
4282
2606
2589
2726
2934
2879
2826
3559
2481
3197
4444
2613
2981
4597
2947
2568
2897
3955
3235
2673
2702
2590
2862
2975
3134
4395
2782
3415
4040
2986
2587
2668
2977
2703
2952
2873
3753
3690
2673
2637
2749
2793
2557
3511
2933
2788
3006
2707
2590
4783
2854
3079
2468
2914
2962
2473
2835
3063
4469
3938
3076
2517
2647
2709
2866
3965
3000
2863
3996
2988
3080
2784
2675
3691
3848
3433
3043
3090
2782
3647
3953
3152
2716
2716
3253
3689
2630
2946
3000
2798
3806
4187
3037
3607
3005
2886
3150
2847
2665
2989
3455
2674
2950
4524
3344
3528
3044
2755
2866
2672
2547
2894
3774
2852
3276
2959
2920
3219
2626
2719
3150
3302
3176
2790
3057
