2593
2417
2344
2417
2618
2459
2763
2463
2705
2548
2741
2429
2436
2458
2617
2413
2604
2787
2535
2564
2468
2525
3073
2578
2345
2519
2464
2560
2497
3367
2549
2516
2242
2417
3029
2714
2400
2394
2447
3054
2589
2647
2695
2565
2649
2701
2691
2984
2578
2773
2683
2509
2475
2538
2527
2629
2801
2393
2540
2768
2547
2385
2613
2458
2410
2755
2866
2487
2790
2712
2383
2719
2650
2531
2687
2287
2507
2264
2393
2704
2728
2534
2559
2525
3000
2506
2638
2338
3264
2527
2543
2495
2729
2406
3014
2736
2688
2609
2762
2332
2387
2880
2711
2669
2463
2622
2765
2666
2629
2677
2363
2609
2345
2622
2798
2398
2375
2289
2416
2382
2485
2547
2590
2431
2376
2484
2571
2408
2861
2357
2629
2692
2506
2920
2575
2452
2964
2405
2443
2746
2652
2952
2341
2651
2490
2567
2474
2568
2815
2551
2358
2638
2344
2883
2618
2629
2317
2377
2852
2784
2648
2483
2658
2417
2613
2656
2452
2463
2581
2477
2620
2425
2510
2764
2845
2741
2657
2608
2528
2569
2533
2485
2425
2338
2521
2862
2534
3258
2447
2448
3143
2549
2468
2748
2444
2537
2650
2392
2307
2543
