3097
2962
2414
2770
2763
3238
2320
2766
2749
2362
2803
2698
2933
2343
2598
2429
2141
2384
2513
2428
2257
2551
2411
2333
3226
2622
2478
2420
2597
2633
2465
2327
2464
2551
2258
2809
2197
2669
2223
2587
3128
2380
2455
2593
2810
2659
2644
2272
3093
2506
2248
2483
2499
2868
3062
2174
2652
2561
2577
2390
3783
2566
3103
2413
2385
2582
2465
2466
2432
3068
2578
2505
2141
2427
2407
2386
2690
2503
2527
2428
2426
2439
2449
2469
2589
2696
2628
2624
2668
2336
2555
2313
2764
2538
2869
2974
3292
2369
2508
2582
2587
2800
2933
2653
2701
2592
3496
2256
2436
2439
2542
2362
2358
2450
2552
2479
2347
2285
2461
2844
2691
2355
2376
2578
2404
2842
2279
2381
2739
2419
2837
2379
2987
2338
2356
2476
2442
3056
2899
2592
2535
2697
2517
2483
2478
2329
2791
2509
2637
2390
2378
2784
2914
2687
2481
2569
2565
2703
2714
2478
2586
2391
2477
2613
2603
3528
2488
2551
2567
2653
2670
2906
2665
3238
2430
2923
2227
2542
2208
2667
2557
3039
2711
2757
2520
2538
2595
2402
2874
2399
2849
2299
2515
3267
2611
2668
2575
2648
2547
2758
