4175
6231
9649
4111
6346
4967
3412
5154
6772
5926
5782
7155
5955
9729
6285
4943
9442
7699
7687
5458
3399
9693
5160
8648
5190
5536
4976
9080
8915
4536
4682
4558
6689
3843
5976
5639
4875
4781
7475
4411
5479
5633
4909
5344
4127
9413
8656
5411
9633
6342
5678
9271
5157
4014
4722
4226
9071
5244
5947
3426
6734
4377
3278
4027
4330
6410
9204
4573
4520
5116
5514
8851
4218
9056
8335
3362
5146
7713
9942
5281
4409
4827
9788
4094
4883
3405
4348
4332
4277
4362
4597
6098
6198
7452
3463
4292
6411
5543
8934
5120
4500
7700
5338
6619
9500
8231
5742
7835
7994
8478
9734
5696
8592
4092
9688
5456
5621
6830
6466
5118
6265
5320
4854
6877
3857
8644
8868
6708
7590
7160
4846
8861
9847
5553
7039
7385
6554
6534
9912
6592
8211
6595
6741
4973
9257
6203
9351
8886
4847
6600
5779
6366
8869
7068
4948
6508
7225
7412
4476
7210
4096
4091
5959
3270
7948
5483
9563
6266
7723
5154
4433
5410
7559
6887
5134
6574
2538
4737
7159
5572
4430
8928
3947
7123
6640
5154
8159
8759
7684
3600
8385
5952
5313
7384
4043
7513
4286
6157
3775
5006
