6350
6712
7485
8795
3368
2226
8648
6575
5916
7213
6789
5669
7583
4519
7138
5638
7389
4560
8305
9841
4988
3207
5218
5552
9493
4475
5751
7599
6581
6331
4918
8175
5110
8892
8362
7799
6002
6439
4197
4786
7338
6711
3830
8511
5328
9703
5822
7137
4312
9680
6079
9880
2613
5909
6935
9248
4409
8321
7508
7027
7955
6148
9279
6414
5141
6809
4170
3360
7122
7956
6328
9011
6859
5454
5583
2217
7718
6913
4001
9754
8845
4837
7258
6795
7047
4534
4914
9827
5425
5091
5321
7781
6592
4492
4742
7482
7324
5658
4537
3993
4926
4447
5692
3288
5589
9932
6528
4743
2213
8440
5670
4115
7913
4987
7913
7841
8756
8247
3821
6230
9550
4372
4164
2522
5672
5277
9419
4110
3518
7099
6177
4747
6470
4514
5889
5193
3967
3576
8675
3434
6973
8313
4451
8248
5893
5712
8033
8707
7582
5494
6396
5582
4143
3649
7540
7828
9344
7335
4518
4239
7771
8004
8577
9053
5154
8340
5048
6064
6497
4541
6303
5381
5220
7474
9774
3847
7619
5503
6593
8930
7428
3299
2433
8386
8726
9512
5989
7719
6607
3497
7749
6028
7610
3166
3485
7353
8992
9818
4078
5860
