2433
2277
2387
2415
2384
2373
2429
2456
2495
2329
2395
2312
2382
2476
2311
2495
2523
2546
2421
2319
2416
2330
2394
2423
2451
2387
2450
2424
2380
2317
2442
2418
2378
2420
2432
2297
2511
2446
2402
2494
2331
2332
2506
2442
2455
2620
2393
2387
2470
2354
2492
2385
2368
2431
2329
2407
2433
2409
2446
2502
2346
2436
2325
2393
2398
2318
2297
2473
2303
2401
2339
2283
2499
2285
2336
2305
2470
2414
2449
2430
2338
2420
2387
2424
2532
2472
2275
2478
2333
2388
2364
2538
2504
2388
2615
2443
2442
2268
2357
2316
2367
2469
2508
2492
2476
2443
2456
2343
2364
2364
2415
2396
2348
2533
2519
2422
2307
2366
2489
2376
2363
2332
2419
2523
2309
2315
2347
2314
2379
2330
2400
2395
2379
2392
2410
2384
2382
2385
2472
2329
2270
2433
2380
2408
2335
2384
2457
2565
2362
2323
2375
2293
2348
2390
2373
2354
2449
2444
2363
2327
2388
2350
2452
2356
2302
2395
2434
2444
2402
2358
2455
2440
2303
2266
2403
2675
2300
2347
2614
2291
2363
2266
2333
2441
2436
2403
2341
2425
2440
2357
2449
2481
2355
2547
2457
2349
2337
2311
2614
2352
2423
2550
2312
2356
2431
2565
2418
2479
2420
2398
2446
2335
2321
2414
2543
2345
2405
2375
2392
2297
2578
2507
2407
2390
2530
2393
2343
2487
2321
2351
2311
2358
2394
2312
2434
2414
2301
2410
2411
2319
2458
2507
2279
2372
2425
2315
2444
2335
2428
2425
2492
2375
2515
2404
2379
2339
2651
2297
2217
2429
2422
2372
2405
2406
2241
2358
2354
2522
2446
2477
2314
2458
2328
2367
2390
2382
2433
2495
2288
2454
2519
2381
2392
2575
2459
2368
2341
2346
2374
2545
2466
2375
2350
2353
2366
2527
2685
2314
2283
2278
2390
2399
2443
2410
2349
2422
2331
2329
2508
2423
2333
2411
2312
2483
2480
2385
2382
2374
2400
2416
2329
2520
2403
2357
2366
2328
2362
2334
2488
2497
2513
2348
2475
2419
2498
2392
2379
2382
2389
2269
2336
2347
2349
2477
2383
2392
2311
2381
2507
2423
2346
2531
2325
2496
2382
2323
2322
2331
2411
2343
2379
2388
2474
2334
2391
2313
2361
2434
2425
2390
2490
2379
2428
2521
2325
2365
2383
2414
2350
2522
2501
2539
2394
2392
2316
2321
2328
2352
2493
2468
2402
2389
2375
2577
2312
2319
2550
2449
2438
2444
2269
2411
2331
2382
2319
2517
2322
2374
2436
2369
2403
2367
2302
2380
2322
2379
2450
2472
2333
2357
2291
2498
2446
2448
2340
2345
2481
2353
2399
2371
2508
2403
2474
2348
2434
2421
2376
2381
2370
2356
2518
2337
2452
2384
2398
2438
2332
2489
2426
2361
2485
2289
2443
2568
2509
2550
2551
2394
2373
2366
2415
2296
2429
2472
2479
2347
2328
2359
2327
2403
2413
2296
2368
2507
2335
2319
2453
2386
2370
2465
2447
2352
2460
2444
2440
2402
2429
2262
2394
2446
2382
2360
2402
2412
2393
2352
2413
2443
2402
2449
