2444
2425
2494
2284
2384
2425
2411
2390
2322
2437
2396
2426
2421
2519
2468
2396
2346
2482
2359
2471
2286
2408
2343
2513
2402
2490
2248
2664
2346
2660
2372
2302
2324
2348
2387
2511
2364
2428
2524
2362
2360
2563
2584
2523
2309
2315
2476
2319
2489
2485
2447
2458
2374
2403
2320
2612
2437
2459
2305
2256
2447
2312
2389
2372
2490
2446
2540
2285
2561
2559
2301
2345
2407
2531
2307
2314
2367
2401
2313
2378
2255
2350
2429
2460
2361
2416
2370
2453
2517
2315
2340
2424
2388
2521
2517
2350
2501
2224
2476
2295
2404
2385
2370
2516
2372
2347
2437
2396
2368
2379
2352
2510
2399
2320
2394
2450
2345
2439
2354
2385
2472
2369
2419
2325
2432
2292
2373
2461
2371
2385
2418
2500
2305
2433
2404
2666
2395
2406
2375
2334
2185
2382
2420
2330
2549
2370
2371
2487
2458
2308
2413
2339
2383
2365
2403
2481
2466
2325
2320
2421
2489
2318
2390
2407
2448
2467
2324
2315
2344
2380
2394
2435
2523
2335
2479
2373
2443
2296
2437
2407
2436
2470
2257
2546
2408
2794
2440
2444
2398
2566
2565
2472
2344
2367
2381
2409
2440
2367
2490
2405
2343
2404
2361
2389
2401
2541
2552
2324
2374
2318
2581
2323
2414
2328
2383
2434
2573
2333
2371
2411
2446
2411
2382
2378
2475
2368
2318
2425
2453
2530
2465
2356
2304
2493
2472
2427
2389
2509
2303
2431
2444
2411
2397
2380
2428
2454
2327
2478
2449
2373
2443
2448
2396
2388
2246
2519
2327
2439
2355
2382
2377
2384
2327
2379
2359
2332
2395
2359
2360
2387
2447
2317
2385
2181
2402
2376
2406
2470
2389
2322
2577
2374
2441
2466
2412
2343
2323
2390
2300
2377
2292
2611
2331
2455
2531
2416
2477
2457
2408
2476
2376
2395
2337
2319
2444
2534
2337
2450
2369
2364
2452
2406
2554
2390
2301
2306
2453
2237
2450
2289
2333
2559
2439
2411
2396
2337
2449
2272
2477
2275
2482
2304
2399
2379
2297
2460
2407
2600
2391
2422
2407
2436
2518
2625
2304
2564
2400
2398
2363
2323
2372
2400
2341
2416
2441
2518
2375
2257
2425
2431
2236
2410
2391
2414
2456
2364
2351
2439
2428
2389
2331
2325
2418
2377
2357
2307
2357
2383
2404
2418
2382
2294
2430
2306
2463
2408
2410
2350
2375
2329
2661
2494
2328
2535
2387
2485
2389
2501
2395
2319
2590
2435
2525
2402
2445
2499
2490
2435
2660
2558
2457
2380
2453
2312
2477
2521
2537
2531
2378
2479
2344
2377
2281
2464
2345
2311
2436
2244
2366
2390
2503
2432
2428
2544
2366
2431
2478
2392
2343
2581
2293
2383
2426
2471
2412
2579
2403
2480
2331
2364
2400
2408
2296
2417
2508
2489
2304
2459
2364
2479
2594
2398
2438
2344
2285
2466
2643
2387
2397
2337
2505
2391
2544
2457
2438
2424
2527
2353
2503
2449
2380
2303
2515
2477
2511
2427
2638
2319
2691
2595
2475
2394
2330
2536
2353
2354
2404
2490
2351
2456
