2411
2458
2434
2448
2251
2364
2303
2423
2398
2277
2561
2427
2415
2482
2454
2272
2448
2252
2451
2505
2410
2433
2322
2349
2442
2365
2388
2429
2381
2411
2396
2385
2442
2408
2366
2368
2598
2335
2316
2571
2566
2357
2374
2318
2359
2482
2336
2400
2323
2502
2340
2453
2322
2432
2487
2350
2381
2385
2485
2338
2301
2461
2447
2367
2330
2424
2427
2409
2457
2432
2430
2430
2375
2272
2357
2331
2436
2302
2386
2319
2342
2405
2371
2299
2401
2405
2367
2466
2400
2418
2378
2343
2359
2422
2393
2373
2386
2400
2454
2283
2270
2409
2371
2337
2340
2372
2436
2366
2424
2341
2381
2471
2314
2365
2473
2346
2539
2367
2496
2312
2423
2430
2437
2359
2526
2420
2348
2340
2375
2495
2511
2480
2430
2286
2502
2414
2437
2319
2336
2484
2265
2340
2389
2449
2362
2349
2519
2268
2361
2400
2531
2355
2708
2420
2431
2363
2444
2446
2370
2369
2420
2385
2439
2405
2369
2549
2389
2403
2450
2391
2318
2416
2461
2367
2344
2376
2368
2360
2283
2400
2462
2450
2349
2322
2406
2309
2297
2404
2374
2325
2516
2466
2395
2446
2475
2316
2293
2423
2335
2489
2534
2338
2339
2358
2381
2359
2491
2313
2410
2387
2326
2576
2291
2301
2271
2354
2529
2342
2381
2338
2524
2349
2405
2424
2459
2388
2362
2372
2495
2375
2563
2345
2457
2356
2289
2297
2407
2268
2451
2547
2435
2316
2391
2317
2475
2339
2380
2415
2345
2555
2435
2399
2267
2515
2396
2380
2342
2345
2346
2526
2395
2362
2375
2392
2288
2326
2379
2450
2382
2500
2322
2364
2433
2397
2488
2413
2515
2528
2326
2328
2410
2354
2298
2447
2481
2422
2293
2285
2312
2332
2631
2409
2450
2390
2450
2370
2339
2307
2573
2426
2317
2501
2338
2410
2388
2350
2312
2411
2360
2322
2463
2411
2460
2437
2654
2281
2370
2360
2365
2396
2472
2340
2353
2472
2510
2448
2401
2332
2319
2509
2454
2281
2437
2313
2420
2341
2325
2416
2441
2253
2481
2331
2265
2369
2452
2371
2518
2442
2271
2448
2362
2333
2458
2300
2377
2470
2358
2419
2452
2406
2359
2288
2375
2402
2306
2357
2318
2351
2445
2422
2372
2546
2531
2377
2334
2431
2562
2277
2378
2323
2294
2323
2348
2408
2328
2437
2343
2356
2381
2413
2318
2564
2281
2456
2550
2411
2467
2391
2878
2666
2328
2485
2390
2369
2290
2342
2424
2331
2356
2380
2402
2397
2483
2407
2445
2332
2430
2361
2358
2388
2360
2379
2326
2312
2372
2309
2340
2353
2349
2466
2439
2255
2363
2304
2509
2362
2434
2402
2341
2432
2441
2440
2543
2599
2339
2598
2313
2488
2320
2333
2412
2363
2327
2366
2380
2390
2499
2329
2419
2377
2332
2540
2415
2310
2731
2493
2378
2345
2365
2381
2370
2306
2364
2576
2372
2398
2481
2493
2465
2370
2357
2340
2407
2322
2307
2297
2420
2431
2366
2362
2438
2268
2351
2358
2395
2446
2428
2410
2335
2377
