2351
2375
2426
2563
2416
2395
2454
2358
2403
2345
2353
2286
2352
2450
2299
2409
2375
2374
2439
2278
2379
2278
2477
2305
2339
2370
2346
2533
2330
2344
2435
2251
2442
2505
2331
2453
2471
2387
2444
2366
2404
2444
2479
2401
2344
2364
2385
2425
2400
2384
2363
2340
2459
2353
2374
2329
2489
2468
2353
2264
2451
2460
2493
2477
2364
2272
2357
2362
2336
2366
2396
2443
2332
2534
2405
2421
2349
2481
2345
2503
2508
2421
2558
2366
2429
2417
2444
2368
2318
2324
2548
2344
2406
2375
2350
2329
2399
2448
2437
2438
2556
2482
2372
2613
2483
2389
2380
2375
2549
2508
2436
2267
2372
2399
2323
2333
2335
2393
2452
2345
2252
2407
2357
2492
2333
2501
2329
2548
2552
2525
2390
2573
2348
2400
2369
2360
2475
2352
2453
2382
2469
2350
2368
2400
2438
2436
2341
2352
2432
2406
2337
2384
2391
2391
2371
2368
2411
2361
2438
2276
2501
2549
2369
2539
2411
2300
2493
2269
2544
2518
2463
2433
2577
2291
2523
2255
2363
2483
2449
2473
2416
2310
2401
2407
2497
2373
2374
2403
2508
2463
2371
2561
2751
2513
2490
2293
2447
2379
2360
2511
2552
2365
2420
2321
2387
2364
2462
2407
2347
2464
2536
2386
2382
2446
2572
2333
2311
2431
2325
2455
2355
2365
2460
2465
2416
2503
2492
2339
2444
2351
2491
2406
2398
2359
2368
2362
2452
2405
2350
2437
2390
2307
2482
2481
2434
2386
2446
2408
2405
2358
2434
2389
2333
2376
2426
2329
2323
2422
2328
2473
2385
2313
2383
2325
2428
2463
2309
2383
2492
2462
2309
2403
2421
2375
2362
2511
2504
2380
2395
2434
2390
2386
2513
2348
2429
2516
2385
2406
2601
2372
2366
2317
2389
2505
2405
2563
2481
2333
2399
2426
2558
2311
2409
2383
2345
2399
2416
2515
2300
2334
2380
2566
2353
2408
2473
2414
2350
2368
2284
2518
2500
2327
2434
2398
2498
2395
2406
2297
2332
2400
2336
2497
2322
2485
2401
2326
2359
2444
2618
2396
2476
2335
2316
2349
2472
2385
2384
2400
2311
2493
2457
2564
2450
2436
2379
2290
2422
2395
2530
2375
2291
2415
2411
2369
2330
2490
2436
2384
2421
2418
2331
2469
2589
2381
2389
2365
2514
2312
2354
2384
2413
2411
2453
2454
2401
2352
2562
2357
2495
2333
2371
2364
2417
2407
2348
2303
2360
2376
2510
2475
2427
2365
2398
2465
2421
2453
2496
2334
2477
2382
2584
2380
2410
2412
2402
2382
2399
2455
2406
2453
2366
2462
2347
2351
2494
2516
2429
2292
2492
2435
2425
2487
2563
2457
2447
2364
2387
2290
2512
2382
2448
2307
2475
2320
2376
2448
2316
2446
2267
2365
2621
2463
2366
2292
2550
2573
2332
2395
2418
2347
2375
2403
2420
2397
2347
2312
2359
2367
2497
2426
2359
2318
2345
2405
2381
2389
2368
2440
2468
2362
2420
2634
2373
2564
2444
2324
2422
2411
2536
2301
2533
2377
2505
2447
2382
2470
2420
2410
2369
2402
