2451
2357
2390
2399
2390
2488
2492
2419
2461
2427
2360
2414
2412
2329
2521
2393
2349
2400
2352
2388
2431
2439
2368
2397
2356
2489
2427
2408
2278
2351
2466
2443
2438
2292
2519
2345
2347
2608
2361
2573
2416
2455
2379
2472
2475
2482
2381
2478
2286
2507
2398
2364
2491
2478
2393
2458
2344
2437
2376
2401
2426
2548
2372
2454
2316
2438
2418
2460
2406
2356
2471
2469
2547
2445
2395
2394
2334
2388
2380
2569
2408
2390
2447
2471
2351
2468
2374
2318
2511
2342
2309
2571
2368
2333
2601
2461
2358
2321
2508
2414
2480
2423
2523
2434
2304
2433
2335
2379
2537
2513
2373
2565
2346
2493
2332
2627
2379
2383
2438
2443
2474
2408
2468
2365
2485
2543
2412
2508
2522
2406
2297
2493
2301
2419
2395
2328
2370
2561
2604
2584
2445
2388
2520
2351
2606
2564
2494
2682
2344
2374
2553
2616
2374
2308
2509
2409
2556
2637
2422
2279
2606
2380
2454
2382
2428
2377
2475
2429
2349
2425
2541
2423
2502
2469
2370
2342
2375
2501
2485
2449
2311
2353
2322
2365
2552
2396
2526
2433
2402
2398
2425
2455
2472
2463
2484
2310
2358
2525
2427
2379
2330
2417
2332
2418
2407
2465
2234
2445
2463
2364
2499
2321
2749
2506
2541
2381
2427
2477
2542
2346
2587
2381
2289
2427
2486
2498
2472
2401
2388
2432
2524
2376
2512
2450
2441
2387
2470
2470
2409
2451
2630
2378
2566
2475
2378
2370
2384
2407
2501
2449
2520
2448
2357
2421
2393
2444
2410
2440
2513
2302
2358
2478
2460
2424
2511
2472
2379
2391
2457
2467
2526
2300
2377
2439
2455
2512
2413
2678
2492
2415
2468
2329
2483
2406
2426
2468
2441
2413
2376
2382
2387
2320
2321
2289
2470
2423
2465
2590
2431
2520
2378
2400
2363
2463
2388
2335
2595
2431
2449
2581
2354
2485
2366
2384
2291
2412
2470
2488
2548
2366
2548
2499
2526
2511
2371
2615
2404
2353
2376
2332
2392
2256
2335
2367
2417
2405
2513
2387
2430
2452
2508
2422
2319
2493
2330
2446
2427
2446
2455
2423
2456
2398
2304
2468
2439
2439
2344
2620
2408
2477
2411
2422
2381
2335
2369
2446
2592
2373
2385
2355
2530
2350
2436
2463
2458
2530
2447
2423
2519
2393
2202
2467
2620
2577
2469
2482
2449
2452
2449
2451
2492
2393
2396
2433
2455
2371
2509
2447
2361
2458
2360
2364
2466
2477
2438
2432
2466
2292
2431
2491
2414
2634
2457
2406
2393
2505
2325
2411
2351
2643
2463
2405
2475
2558
2529
2475
2395
2393
2355
2448
2372
2621
2472
2470
2511
2561
2591
2362
2430
2489
2565
2668
2475
2482
2417
2428
2441
2402
2356
2441
2390
2520
2517
2514
2415
2377
2389
2379
2396
2330
2442
2373
2384
2396
2444
2462
2363
2468
2298
2391
2537
2356
2343
2402
2856
2416
2440
2401
2444
2346
2437
2360
2424
2328
2524
2533
2595
2602
2358
2375
2391
2532
2441
2389
2450
2355
2486
2315
2640
2512
