2386
2394
2436
2373
2351
2362
2538
2381
2509
2423
2340
2327
2428
2455
2471
2409
2390
2363
2425
2304
2541
2417
2488
2458
2438
2695
2448
2412
2426
2391
2445
2374
2341
2567
2401
2432
2475
2448
2348
2386
2429
2433
2295
2350
2472
2359
2497
2366
2452
2355
2366
2441
2360
2446
2461
2334
2441
2561
2581
2513
2498
2377
2404
2383
2365
2409
2329
2464
2484
2353
2365
2531
2456
2454
2413
2463
2355
2354
2411
2302
2469
2375
2418
2477
2388
2337
2313
2537
2451
2401
2521
2435
2462
2276
2344
2442
2273
2334
2384
2437
2330
2410
2422
2349
2401
2414
2355
2389
2371
2419
2322
2407
2337
2369
2345
2395
2399
2455
2327
2514
2424
2414
2370
2434
2378
2358
2336
2379
2417
2341
2453
2360
2573
2340
2453
2424
2525
2502
2417
2457
2382
2507
2406
2393
2484
2470
2470
2310
2339
2316
2382
2327
2482
2582
2418
2524
2332
2449
2339
2434
2395
2377
2416
2353
2347
2467
2308
2391
2542
2462
2641
2477
2566
2353
2475
2494
2362
2650
2419
2273
2422
2389
2494
2337
2424
2393
2459
2376
2497
2375
2433
2366
2644
2307
2341
2407
2324
2388
2498
2458
2301
2467
2321
2441
2347
2326
2438
2591
2516
2442
2443
2358
2372
2441
2464
2438
2277
2385
2380
2334
2412
2409
2373
2351
2480
2329
2361
2423
2343
2312
2385
2399
2517
2384
2402
2471
2507
2458
2395
2522
2452
2411
2391
2431
2326
2396
2538
2300
2301
2363
2427
2499
2536
2337
2405
2394
2435
2439
2376
2305
2337
2426
2456
2402
2568
2262
2483
2272
2331
2471
2464
2469
2395
2516
2435
2412
2397
2388
2443
2419
2442
2318
2389
2491
2575
2468
2429
2343
2417
2402
2498
2508
2630
2390
2470
2423
2446
2357
2469
2402
2327
2435
2409
2360
2392
2465
2439
2383
2384
2478
2433
2257
2325
2512
2412
2462
2450
2368
2464
2517
2408
2481
2391
2476
2524
2423
2371
2332
2410
2758
2330
2392
2426
2380
2294
2400
2376
2358
2543
2453
2489
2476
2449
2405
2540
2442
2415
2440
2353
2447
2421
2472
2356
2349
2486
2356
2601
2473
2468
2530
2429
2377
2406
2396
2539
2387
2326
2470
2684
2284
2407
2414
2513
2422
2378
2438
2488
2518
2383
2334
2482
2319
2327
2352
2380
2393
2453
2376
2289
2447
2452
2543
2327
2452
2688
2421
2388
2315
2383
2260
2433
2470
2327
2374
2458
2319
2335
2406
2352
2475
2379
2450
2531
2513
2402
2417
2488
2400
2378
2381
2407
2383
2359
2273
2327
2351
2534
2490
2498
2377
2356
2432
2390
2381
2424
2372
2367
2395
2363
2475
2328
2404
2387
2540
2368
2444
2375
2424
2396
2372
2427
2284
2371
2447
2427
2372
2417
2363
2372
2369
2429
2332
2406
2394
2382
2329
2579
2458
2650
2436
2475
2346
2425
2304
2427
2435
2452
2436
2388
2348
2446
2456
2387
2422
2490
2273
2311
2525
2359
2408
2422
2424
2449
2458
2476
2542
2420
2461
2472
2398
