2360
2330
2391
2443
2344
2365
2484
2533
2400
2351
2558
2394
2337
2472
2397
2444
2479
2516
2470
2467
2439
2486
2386
2427
2394
2296
2405
2357
2410
2345
2503
2507
2412
2405
2431
2531
2367
2587
2389
2352
2299
2340
2310
2619
2326
2407
2396
2281
2375
2432
2442
2428
2383
2340
2528
2275
2433
2415
2392
2523
2459
2412
2439
2371
2417
2349
2373
2464
2322
2340
2655
2427
2437
2399
2494
2445
2343
2317
2324
2336
2419
2397
2358
2415
2554
2423
2465
2361
2399
2578
2493
2350
2460
2327
2363
2577
2421
2473
2394
2598
2370
2461
2302
2296
2498
2641
2401
2523
2466
2295
2433
2548
2335
2344
2358
2334
2389
2420
2418
2429
2587
2527
2411
2379
2417
2449
2536
2557
2349
2364
2492
2416
2432
2525
2331
2412
2388
2518
2473
2416
2566
2413
2448
2442
2386
2355
2430
2518
2395
2395
2451
2323
2509
2370
2427
2394
2385
2402
2420
2372
2386
2411
2469
2417
2558
2387
2275
2407
2517
2380
2338
2324
2458
2323
2471
2333
2352
2545
2431
2442
2319
2343
2389
2534
2531
2520
2487
2394
2450
2449
2541
2503
2406
2325
2435
2294
2397
2503
2675
2439
2464
2319
2476
2541
2440
2273
2494
2331
2367
2576
2370
2550
2481
2287
2377
2493
2508
2336
2419
2351
2372
2582
2466
2432
2379
2322
2452
2253
2540
2290
2418
2374
2550
2422
2333
2527
2573
2408
2425
2353
2411
2462
2348
2433
2361
2354
2432
2357
2448
2280
2412
2398
2469
2344
2322
2454
2424
2453
2358
2428
2361
2457
2420
2479
2341
2445
2478
2332
2368
2448
2438
2356
2418
2347
2553
2475
2502
2556
2543
2322
2361
2342
2356
2481
2364
2472
2566
2630
2504
2375
2444
2353
2394
2344
2375
2502
2401
2399
2365
2438
2394
2409
2322
2397
2324
2614
2582
2393
2411
2427
2499
2394
2374
2325
2496
2447
2342
2355
2480
2463
2384
2493
2435
2499
2487
2371
2322
2499
2449
2382
2575
2412
2302
2420
2369
2470
2441
2285
2369
2298
2453
2534
2576
2437
2379
2376
2325
2335
2393
2365
2266
2485
2406
2401
2425
2395
2396
2590
2412
2389
2375
2397
2436
2348
2347
2470
2510
2455
2368
2357
2403
2312
2436
2478
2383
2423
2278
2321
2344
2511
2407
2450
2442
2355
2357
2358
2437
2362
2433
2392
2342
2399
2383
2547
2569
2492
2302
2469
2384
2369
2451
2522
2351
2318
2407
2414
2536
2462
2576
2362
2541
2395
2374
2491
2393
2495
2503
2409
2387
2422
2374
2446
2317
2446
2435
2275
2382
2414
2409
2434
2292
2459
2413
2285
2315
2348
2333
2310
2413
2533
2387
2555
2281
2419
2424
2544
2425
2346
2344
2347
2417
2359
2449
2490
2391
2483
2449
2435
2393
2384
2340
2360
2325
2404
2436
2324
2437
2457
2391
2393
2349
2319
2497
2409
2261
2363
2420
2347
2376
2430
2405
2391
2350
2567
2380
2423
2403
2406
2344
2494
2410
2479
2350
2483
2385
2489
2482
2281
2462
2385
