2445
2411
2364
2497
2451
2440
2422
2399
2323
2480
2413
2405
2390
2661
2523
2368
2447
2333
2348
2401
2403
2362
2386
2599
2329
2494
2403
2445
2358
2331
2482
2387
2271
2503
2461
2420
2462
2325
2551
2462
2309
2319
2571
2541
2457
2312
2431
2456
2448
2495
2370
2459
2254
2352
2626
2466
2424
2707
2369
2389
2550
2372
2468
2344
2407
2457
2350
2478
2379
2386
2320
2510
2374
2452
2382
2545
2383
2310
2291
2380
2675
2476
2393
2446
2523
2438
2354
2379
2377
2401
2431
2561
2358
2380
2541
2448
2542
2405
2419
2391
2521
2493
2379
2506
2447
2275
2374
2380
2460
2391
2467
2336
2377
2303
2440
2326
2320
2514
2362
2366
2356
2369
2376
2403
2354
2322
2385
2317
2464
2379
2289
2403
2458
2368
2423
2342
2484
2399
2400
2409
2426
2508
2394
2600
2468
2316
2404
2379
2434
2430
2352
2552
2418
2400
2290
2367
2500
2409
2289
2400
2306
2441
2313
2432
2453
2327
2421
2457
2435
2314
2410
2408
2446
2369
2326
2520
2317
2316
2351
2493
2400
2465
2391
2526
2304
2371
2351
2351
2370
2312
2524
2347
2455
2403
2422
2344
2487
2461
2372
2376
2367
2433
2508
2327
2310
2379
2458
2402
2396
2364
2323
2511
2351
2500
2511
2436
2436
2283
2387
2483
2336
2454
2298
2488
2315
2373
2406
2378
2347
2429
2519
2554
2495
2354
2469
2439
2415
2469
2357
2434
2416
2463
2566
2472
2436
2533
2383
2338
2315
2392
2378
2505
2403
2403
2414
2379
2385
2430
2510
2345
2435
2473
2607
2419
2381
2433
2311
2465
2346
2311
2525
2410
2458
2490
2420
2315
2500
2368
2478
2358
2415
2416
2405
2392
2406
2479
2368
2590
2382
2342
2411
2494
2399
2394
2418
2641
2362
2422
2485
2443
2391
2491
2365
2533
2351
2498
2407
2474
2363
2458
2310
2401
2404
2396
2417
2397
2459
2611
2409
2363
2348
2473
2333
2378
2431
2430
2377
2444
2354
2362
2520
2388
2364
2404
2474
2431
2323
2404
2368
2561
2349
2588
2549
2481
2363
2541
2451
2470
2407
2399
2376
2381
2443
2332
2407
2340
2414
2475
2466
2460
2440
2400
2424
2385
2444
2553
2411
2363
2489
2487
2385
2393
2351
2393
2663
2336
2328
2342
2327
2506
2396
2407
2368
2361
2320
2356
2378
2410
2351
2430
2359
2312
2399
2529
2444
2313
2338
2323
2383
2489
2334
2469
2475
2518
2428
2367
2401
2486
2416
2613
2390
2339
2338
2480
2398
2378
2432
2344
2293
2504
2489
2447
2484
2534
2357
2344
2429
2446
2408
2428
2523
2397
2327
2394
2326
2346
2327
2517
2573
2445
2317
2425
2490
2516
2409
2511
2362
2369
2359
2333
2483
2479
2459
2424
2365
2389
2350
2459
2398
2381
2405
2344
2413
2397
2405
2398
2396
2335
2393
2326
2464
2517
2453
2663
2372
2377
2440
2457
2422
2410
2344
2563
2556
2375
2393
2459
2409
2439
2492
2387
2449
2385
2466
2458
2414
2384
2406
2438
2432
2389
