2461
2345
2936
2449
2620
2615
2786
3117
2443
2485
2526
3147
2267
2453
2463
2506
2628
2731
2300
2912
2835
2518
2271
2871
2234
3180
3018
2473
2229
2471
2339
2325
2516
2526
2751
2728
2638
2540
2758
2720
2570
2495
2421
2411
2956
2435
2362
2412
2523
3089
2879
2720
2770
2740
2908
2632
2436
2727
2292
3022
2415
2712
3211
2709
2245
2616
2310
2838
2400
2492
2478
2346
2830
2418
2685
2289
2566
2508
2581
2704
2398
2991
2166
2650
2600
2367
2544
2942
2480
2359
2562
2721
2531
2520
2601
2293
2496
2470
2716
2811
3003
2228
2684
2831
2331
2731
2572
2585
2679
2506
2924
2238
2642
2470
2469
2342
2444
2686
2243
3073
2507
2728
2597
2708
2490
2670
2599
2693
2582
2615
2368
2742
2564
2323
2577
2310
2642
2228
2577
2688
2253
2503
2698
2572
2257
2610
2460
2531
2502
2751
3015
3402
2775
2431
2951
2440
2264
2522
2414
2432
2315
2347
2517
2501
2693
2961
2463
2506
2494
2697
2694
2396
2603
2544
2296
2982
2604
2548
2494
2451
2552
2472
2564
2312
2589
2489
2649
2499
2728
2316
2417
2811
2433
2268
2424
2447
2431
2790
2418
2911
