2341
2488
2588
2767
2861
2759
2310
2496
2509
2402
2615
2932
2628
2553
3025
2602
2534
2786
2585
2897
2849
2524
2613
2939
2525
2444
2486
3001
2669
2700
2388
2656
2846
2514
2878
2505
2592
2582
2942
3189
3284
2519
2538
2553
2508
2484
2801
2972
2426
2520
2418
2322
2539
2516
2410
2584
2600
2559
2503
2593
3057
2292
2440
2765
2601
2522
2399
2706
2435
2618
2275
2490
2375
2386
2650
2715
2476
2557
2306
2327
2347
2552
2655
2407
2729
2447
2791
2699
2619
2883
2427
2465
2871
2594
2705
2474
2459
2897
2729
2732
2471
2550
2365
2995
2689
2432
2530
2485
2396
2623
2804
3011
2369
2597
2865
2623
2475
2347
2727
2576
2516
2531
2377
2576
2392
2560
2646
2838
2665
2557
2687
2838
2667
2855
2591
2347
2976
2638
2394
2776
2846
2575
2390
2687
2475
2431
2422
2368
2748
2640
2509
2506
2277
2365
2550
2570
2665
2751
2711
2375
2610
2556
2651
2355
2327
2425
2561
2842
2721
2426
2551
2772
2483
2496
2788
2538
2527
2784
2873
2384
2647
2664
2783
2288
2686
2569
2621
2407
2246
2684
2756
2558
2254
2392
2474
2790
2443
2557
2670
2306
