2434
3054
2379
2735
2449
2976
2809
2466
2685
2633
2481
2857
2712
2649
2732
2770
2546
2499
2726
2607
2749
2518
2589
2440
2582
3091
2420
2466
2376
2264
2328
2393
2656
2276
2415
2421
2437
2610
2528
2404
2506
2274
2559
2763
2410
2581
2607
2374
2629
2617
2537
2502
2335
2724
2323
2562
2543
2648
2711
2570
2566
2481
2623
2745
2507
2688
2405
2521
2488
2549
2505
2814
2365
2320
2546
2662
2898
2441
2497
2485
2599
2883
2662
2746
2322
2668
2522
2470
2844
2342
2583
2553
2551
2584
2666
2475
2558
2946
2680
2753
2451
2336
2290
2467
2983
2399
2501
2610
2798
2369
2361
2776
2483
2505
2316
2613
2867
2745
2511
2466
2519
2605
2854
3059
2514
2363
2481
2377
2653
3337
2374
2393
2633
2446
2510
2832
2405
2775
2543
2526
2726
2285
2570
2385
2413
2684
2465
2281
2532
2853
2545
2728
2596
2206
2867
2466
2682
2725
2788
2473
2463
2481
2511
2581
2612
2686
2799
2526
2513
2671
2476
2856
2519
2340
2434
2923
2328
2810
2453
2786
2617
2445
2471
2695
2521
2325
2882
2561
2321
2610
2550
2710
2695
2948
2378
2688
2352
2778
2708
2875
