2665
2523
2292
3073
2444
2565
2423
2696
2677
2620
2894
2849
2483
2434
2465
2556
2952
2685
2331
2314
2513
2636
2402
2397
2290
2350
2857
2940
2511
2655
2645
2607
3008
2585
2504
2488
2705
2759
2776
2306
2736
2407
2367
2233
2782
2431
3097
2562
2552
2546
2912
3362
2433
2771
2674
2555
2423
2468
2614
2835
2467
2544
2580
2472
2328
2574
2689
2563
2588
2369
2428
2876
2445
2697
2369
3023
2706
2526
2490
2191
2440
2816
2345
2476
2590
2645
2331
2388
2483
2532
2822
2584
2457
2496
2372
2259
3261
2788
2206
2654
2333
2257
2561
2669
2477
2504
2556
2663
2870
2630
2428
2498
3012
2257
2944
2444
2894
2418
2555
2546
2383
2740
3002
2905
2777
2133
2555
2239
2772
2258
2572
2954
2524
2521
2249
2536
2293
2721
2820
2730
2439
2592
2864
2951
2878
2360
2253
2403
2448
2735
2598
2432
2737
2327
2732
2588
2627
2456
2354
2324
2486
2775
2517
2787
2202
2512
2432
2475
2453
2610
2290
2520
2427
2548
2900
3216
2302
2498
2690
2399
2831
2819
2400
2617
2386
2383
2558
2515
2491
2489
3065
2410
2309
2334
2481
2637
2576
3064
2622
2403
