2380
2616
2676
2466
2485
2396
2555
2759
2644
2661
2610
2706
2939
2308
2588
2680
2379
2408
2877
2619
2470
2372
2422
2849
3125
2489
2721
2409
2831
2522
2473
2884
2417
2477
2499
3114
2729
2496
2421
2675
2385
2450
2446
2756
2729
2409
2558
2468
2777
2652
2280
2566
2373
2601
2294
2915
2800
2264
2674
3011
2564
2586
2737
2580
2600
2634
2706
2596
2235
2838
2583
2468
2510
2356
2666
2854
2754
2593
2437
2665
2666
2618
3066
2828
2462
2620
2428
2868
2582
2547
2695
2354
2680
2357
2597
2782
3066
2605
2428
2573
2580
2508
2487
2621
2454
3054
2476
2264
2600
2382
2479
2603
2827
2801
2615
2608
2546
2830
2266
2966
2495
2684
2445
2572
2341
2511
2832
2318
2395
2641
2575
3043
2614
2659
2420
2914
2378
2499
2601
2244
2670
2514
2400
2192
2577
2651
2826
2613
2854
2983
2409
2422
2562
2358
2402
3082
2412
2578
2512
2398
2596
2421
2344
2518
2479
2604
2334
2932
2397
3031
2696
2639
2774
2322
2814
2539
2489
2463
2412
2537
2911
2518
2756
2528
2526
2638
2648
3153
2572
2430
2671
2708
2684
2614
2562
2434
2925
2418
2591
2775
