2512
2698
2418
2539
2784
2555
2539
2427
2779
2548
2531
2199
2647
2686
2449
2390
2399
2892
2467
2330
2593
2484
2652
2525
2458
2195
2346
2374
2365
2583
2366
2535
3006
2615
2371
2814
2631
2620
2388
2684
2365
2630
2367
2384
2560
2461
2432
2346
2623
2697
2761
2590
2507
2801
2875
2351
2294
2617
2946
2533
2665
2636
2414
2881
2891
2525
2465
2513
2358
2537
2794
2621
2464
2459
2508
2579
2615
2652
2441
2751
2810
2902
2316
2628
2505
2738
2651
2516
2881
2411
3188
2686
2723
2768
2346
2639
2784
2811
2492
2391
2728
2383
2602
2734
2629
2510
2605
2623
2629
2733
2770
2605
2358
2395
2416
2792
2574
2278
2494
2427
2586
2655
2697
2658
2803
2433
2554
2647
2727
2652
2544
2577
2551
2441
2551
2374
3394
2503
2601
2775
3042
2387
2251
2690
2721
2816
2767
2809
2498
2749
2400
2782
2569
2680
2498
2689
2540
2433
3064
2481
2496
2709
2852
2785
2630
2387
2312
2470
2644
2203
2709
2536
2768
2701
2565
2528
2408
2551
2691
2747
2809
2677
2563
2369
2541
2484
2551
2428
2487
2641
2467
2488
2864
2374
3103
2821
2668
2479
2974
2678
