2683
2721
2638
2812
2682
2404
2290
2610
2378
2581
2522
2257
2389
2589
2667
2700
2363
2606
2537
2472
2606
2590
2653
2500
2634
2715
2395
2330
2675
2730
2909
2407
2544
2364
2264
2588
2595
2913
2762
2702
2595
2449
2886
2470
2438
2517
2666
2415
2388
2518
2753
2508
2466
3116
2444
2412
2562
2664
2402
2659
2528
2648
2255
2592
2529
3209
2570
2643
2638
2380
2797
2496
2521
2366
2537
3062
2672
2575
2746
2717
2510
2424
2520
2821
2563
2726
2740
2782
2904
2480
2808
2230
2502
3136
2371
2550
2616
2634
2385
2640
2273
2420
2524
2372
2669
2629
2458
2586
3243
2717
2519
2353
2477
2611
2318
2688
2230
2662
2207
2558
2416
2491
2587
2365
2834
2337
2603
2339
2653
2649
2694
2536
2438
2622
2320
2474
2892
2297
2660
2615
2295
2455
2609
2584
2270
2691
2567
2472
2217
2386
2514
2882
2706
2781
2630
2500
2953
2941
2533
2744
2213
2917
2369
2398
2663
2500
2479
3038
2862
2440
2265
2394
2431
2890
2494
2651
3194
2505
2406
3019
2826
2553
2479
2769
2409
2297
2362
2453
3167
2453
2707
2676
3687
2707
2613
2632
3025
2694
3215
2632
