2611
2465
3184
3000
2525
2505
2531
2496
2642
2917
2231
2503
2191
2501
2377
2713
2619
2966
2589
2495
2430
2810
3264
2652
2320
2465
2562
2173
2282
2631
3324
2912
2640
2673
3685
2194
2859
2348
2535
2656
2465
2619
2136
2737
2607
2465
2545
2555
2434
2619
2698
2317
2536
2607
2809
2567
2635
2310
2325
2439
2268
2825
2756
2153
2501
2517
2132
2229
2358
2758
2638
2287
2430
2439
2568
2342
2919
3232
2497
2400
2652
2962
2791
2424
2576
2462
2431
2610
2535
2389
2607
2598
2455
2537
2632
2229
2788
2306
2397
2729
2584
2184
2395
2527
2447
2899
2703
3096
2292
2355
2336
2327
2712
2643
2585
2471
2161
2175
2585
2557
3599
2604
2769
2889
2603
2495
3211
2679
2503
2334
2555
2907
2484
2444
2532
2434
2404
2746
2330
2452
2719
2214
2955
2585
2839
2451
2574
2345
2865
2869
2630
2730
2408
2453
2604
2602
2978
2617
2476
2348
2838
2520
2568
2255
2518
2434
2463
2960
2764
2311
2585
2194
2843
2227
2980
2185
2762
2543
2452
2553
2588
3663
2231
2995
2658
2622
2364
2543
2392
2504
2767
2836
2235
2483
2692
2703
2470
2486
2535
2832
