2686
2446
2487
2691
2955
2801
2538
2384
2217
2398
2978
2264
2343
2351
2320
2218
2650
2346
2494
2361
2463
2851
2639
2443
2411
2475
2502
3045
2404
2870
2381
2778
2318
3032
2340
3089
2641
2360
2665
2847
2291
2578
2513
2558
2506
2931
2483
3221
2869
3061
2260
2775
2413
2505
2525
2560
2362
2569
2404
3213
2816
2621
2415
2748
2818
2365
2914
2712
2358
2181
2214
2281
2804
2506
2605
2424
2833
2585
2450
2180
2175
2211
2505
2403
2761
2657
2418
2421
2315
2681
2418
2564
2613
2517
2862
2670
2784
2513
2229
2523
2353
2335
2649
2603
2630
2341
2722
2326
2421
2912
2775
2397
2664
2736
2448
2751
2359
2283
2622
2417
2393
2479
2827
2926
2610
2605
2691
2738
2596
2225
2917
2655
2355
2531
2566
2422
2637
2803
2602
2197
2393
2608
2388
2554
2481
2502
2756
2568
2661
2554
2597
2759
2440
2807
2342
2624
2234
2521
2757
2768
2487
2284
2483
2389
2555
2490
2436
2499
2998
2522
2551
2754
2513
2764
2952
2474
2548
2399
2766
2675
2734
2411
2499
2517
2341
2422
2661
2208
2430
2605
2468
2493
2522
2418
2528
2618
2474
2553
2529
2511
