3130
2382
2599
2634
3060
2553
2531
2591
2599
2596
2563
2249
2737
2576
2569
2609
2570
2614
2544
2418
2325
3335
2683
2467
2673
2621
2663
2810
2432
2382
2870
2907
2912
2393
2507
2582
2598
2648
2477
2600
2408
2533
2718
2391
2557
2699
2457
2534
2461
2930
2734
2494
2489
2814
2724
2821
2447
2476
2546
3237
2856
2395
2491
2397
2499
2237
2635
2615
2334
2540
2861
2376
2449
2788
2369
2588
2246
2612
2381
2536
2715
2683
2767
2703
2639
2607
2867
2333
2397
2576
2602
2567
3058
2510
2290
2474
2617
2282
2275
2833
2339
2522
2649
2830
2987
2715
2637
2346
2659
2465
2601
2652
2430
2290
2781
2909
2400
2536
2921
2230
2340
2362
2315
2460
2575
2517
2452
2312
2746
2569
2980
2792
2449
2888
2409
2812
2362
2403
2309
2449
2503
2616
2693
2828
2478
2870
2377
2364
2781
2453
2589
2814
2487
2452
2646
3017
2535
2646
2383
2576
2365
2197
2697
2457
2724
2614
2489
2623
2664
2327
2405
2464
2499
2276
2253
2435
2617
2362
2385
2515
2538
3039
3166
2452
2453
2544
2572
2518
2785
2794
2592
2291
2656
2819
2457
2543
2330
2462
2247
2410
