2386
2247
2840
2383
2633
2250
2412
2308
2329
2367
2814
2719
2736
2455
2625
2627
2480
2313
2519
2602
2353
2207
2442
2680
2605
3136
2261
2396
3235
2655
2362
2754
2731
2318
2400
2194
2384
2290
2956
2412
3029
2613
2441
3048
2530
2715
2472
2588
2479
2473
3177
2382
3180
2706
2298
2860
2570
2543
2722
2879
2571
2519
2263
2514
2427
2744
2416
2834
2511
2397
2649
2264
2364
3090
2605
2459
3037
2283
2863
2368
2565
2663
2480
2826
2836
2362
2677
2588
2951
2761
3074
2227
2550
3035
2710
2745
2472
2506
2531
2291
2417
2682
2775
2662
2619
2330
2881
2747
2404
2599
2251
2709
2988
2685
2827
2827
2210
2396
2224
2406
2257
2632
2334
2251
2237
2404
2705
2550
2187
2453
2650
2364
2552
2354
2256
2456
2310
2940
2637
2517
2493
2906
2329
2680
2509
2316
2590
2272
2600
2330
2464
2317
2507
2790
2604
3353
2304
2271
2403
2438
2727
2354
2639
2508
2396
2838
2225
2774
2455
2432
2431
2410
2861
2610
2537
2467
2505
2377
2588
2575
2216
2507
2340
2346
2366
2655
2557
2328
2716
2440
2698
2516
2784
2660
2449
2774
2527
2645
2710
2779
