2646
2614
2372
2776
2843
2198
2560
3154
2868
2379
2929
2696
2418
2685
2530
3355
2311
2402
2434
2213
2435
2633
2495
2918
2582
2525
2508
2809
2434
2496
2895
2662
2743
2354
2384
2576
2585
2341
2302
2691
2573
2330
2833
2533
2633
3167
2667
2769
2259
2820
2589
2688
2637
2441
2442
2213
2580
2608
2313
2775
2591
2652
2648
2296
2760
2746
2365
2833
2659
2312
2911
2464
3144
2405
2564
2627
2691
2442
2434
2310
2585
2948
2328
2676
2408
2966
2630
2546
2679
2416
2342
2496
2448
2556
2471
2491
2747
2336
2511
2682
2709
2555
2837
2663
2765
2637
2791
3020
2615
2567
2405
2576
2533
2602
2566
2756
2680
2859
2464
2947
2670
2261
2525
2514
2579
2782
3053
2853
2429
2756
2358
2552
2997
2619
2881
2583
2601
2373
2358
2476
2456
2563
2449
2510
2454
2742
3039
2413
2414
2673
2751
2605
2927
2933
2895
2518
2663
2447
2364
2672
2362
2432
2564
3425
2925
2528
2939
2562
2462
2678
2616
2717
2495
2537
2698
2505
3032
2693
2771
2907
2880
2686
2623
2746
2555
2768
2457
2594
2444
2524
2577
2337
2525
3606
2364
2738
3016
2709
2557
2756
