2419
2404
2391
2514
2253
2539
3202
2292
2720
2332
2581
2648
2734
2359
2746
2906
2331
2666
2302
2954
2851
2542
2550
2589
2484
2435
2494
2350
2545
2467
2587
2621
2838
2518
3147
3012
2551
2399
2579
2523
2466
2814
2440
2608
2576
2481
2408
2315
2803
2817
2880
2339
2424
2551
2946
2673
2459
2610
2527
2659
2394
2467
2514
2691
2892
2373
2355
2508
2708
2728
2353
2541
2619
3050
2408
2353
2548
2710
2480
2499
2603
2450
2403
2834
2372
2679
3039
2617
2503
2386
2250
2637
2873
2715
2671
2450
2447
2816
2370
2611
2461
2551
2520
2698
2811
3108
2898
2507
2604
2514
2430
2538
2382
2416
2423
2921
2380
2428
2350
2700
2772
3011
2492
3267
2678
2813
2487
2591
2576
2727
2616
2550
2868
2322
2653
2721
2670
2383
2680
2416
2669
2506
2718
2515
2861
2739
2521
2546
2453
2592
3225
2548
2550
2566
2365
2385
2696
2320
2600
2714
2664
2621
2490
2600
2604
2810
2437
2366
2287
2604
2581
2689
3020
2269
2594
2911
2555
2845
2417
2369
2489
2903
2404
2913
2627
2956
2425
2252
2442
2319
2304
2566
2488
2759
3169
2387
2353
2679
2593
2602
