2553
2528
2678
2535
2516
2754
2751
2382
2343
2821
2609
2469
2978
2480
2409
2343
2697
2245
2334
2222
2364
2390
2418
2709
2911
2570
2420
2689
2436
2711
2774
2671
2650
2516
2716
2683
2341
2575
2234
2645
2599
2305
3229
2697
2968
2552
2697
2520
2888
3203
2397
2584
2445
2723
2369
2504
2823
2447
2469
2465
2452
2681
2454
2744
2441
2356
2915
2337
3367
2664
2609
3155
2374
2593
2456
2780
2406
2514
2539
2472
2985
2560
2367
2739
3209
2424
2511
2959
2588
2927
2479
2725
3073
2783
2419
2793
2873
2868
2564
2723
2882
2284
2661
2422
2560
3384
2433
3011
2219
2439
2708
2723
2617
2306
2532
2768
2504
2707
2693
2741
2296
2506
2180
2715
2735
2641
2507
2810
2576
2299
2579
2683
2296
2463
2711
2962
2370
2359
2453
2934
2637
2311
2448
2354
2511
2541
2407
2830
2276
2391
2379
2772
2512
2925
2820
2566
2268
2950
2899
2707
2472
2319
2634
3043
2768
2460
2644
2439
2521
2733
3076
2734
2642
2458
2454
2582
2365
2429
2382
2434
2892
2536
2267
2472
2622
2527
2471
2565
2227
2586
2539
2560
2506
2562
2329
2362
2593
3083
2458
2759
