2347
2265
2667
2424
2621
2726
2408
2711
2770
2327
2256
2465
2625
2448
2690
2469
2989
2437
2328
2416
2569
2448
2636
2379
2560
2626
2629
2247
2544
2878
2558
2503
2859
2561
2873
2339
2956
2944
2369
2653
2141
2493
2712
2468
2727
2387
2714
2479
2470
2655
2600
2559
2450
2517
2691
2549
2550
2994
3100
2773
2649
2814
2603
2437
2554
2762
2672
2691
2392
2370
2497
2454
2496
2539
2396
2629
2549
2352
2779
2456
2742
2608
3036
2302
2697
2423
2300
2511
2232
2950
2358
2530
2544
2391
2461
2627
2660
2364
2503
2709
2542
2439
2443
2556
2556
2700
2704
2867
2283
2710
2335
2416
2445
2457
2538
2571
2669
2251
2555
2717
2730
2555
2336
3304
2675
2504
2671
2556
2680
2616
2453
2716
2830
2611
2580
2757
2604
2527
2607
2408
2748
2433
2755
2866
2444
2699
2650
2648
2275
2404
2460
2366
2310
2440
2301
3052
2770
2776
2209
2527
2380
2689
2496
2714
2659
2389
2278
2498
2415
2418
2446
2624
2341
2592
2594
2426
2347
2564
2600
2697
2470
2478
2853
2599
2290
2498
2892
2673
2687
2520
2405
2445
2704
2734
2638
2459
2551
2717
2505
2350
