2491
2571
2475
2633
2674
2392
2475
2420
2616
2705
2709
2558
2677
2671
2549
2491
2365
2356
2645
2464
2531
2518
2669
2440
2495
2503
2949
2669
2648
2699
2616
3002
2511
2471
2380
2559
2388
2530
2994
2765
2552
2575
2488
2627
2942
2626
2770
2664
2930
2731
2870
2487
2410
2444
2595
2675
2923
2532
2838
2564
2724
2657
2409
2295
2266
3205
2412
2526
2608
2654
2616
2514
2519
2753
2607
2692
2475
2413
2756
2778
2606
2435
2608
2789
2852
2447
2841
2185
2310
2516
2464
2228
2769
2726
2688
2514
2627
2292
2350
2691
2461
2671
2795
3196
2343
2587
2352
2410
2928
2547
2343
2406
2559
2832
3021
2955
2878
2537
2429
2658
2492
2579
2682
2649
2656
2839
2575
2641
2751
2766
2389
2430
2356
2572
2872
2385
2470
2604
2879
2780
2695
2452
2691
2483
2526
2700
2493
2516
2706
2276
2594
2538
2453
2422
2706
2368
2945
3122
2452
2532
3081
2914
2906
2582
2640
2729
2520
2252
2599
2403
2484
2473
2373
2442
2590
2912
2345
2460
2505
3028
2389
2556
2502
2436
2477
2440
2486
2485
2374
2704
2434
2678
2768
2541
2740
2346
2528
2680
2310
2533
