2375
2499
2793
2408
2483
2577
2634
2568
2647
2454
2574
2575
2259
2541
2851
2274
2567
2643
2565
2641
2937
2544
2630
2817
2581
2481
2560
2336
2480
2958
2698
2914
2378
2621
2336
2466
2646
2381
2802
2346
2546
2252
2499
2293
2796
2323
2430
2375
2689
2717
2604
2559
2854
2455
2525
2588
2499
2377
2404
2845
2399
2381
2610
2487
2394
2841
2411
2456
2560
2426
2922
2597
2668
2405
2485
2465
2253
2861
2706
2832
2589
2326
2838
2380
2373
2191
2651
2789
2427
2414
2306
3214
2594
2464
2667
2530
2391
2598
2457
2881
2611
3205
2420
2746
2402
2506
2334
2408
2286
2472
2558
2491
2383
2533
2521
2462
2568
2329
2558
2926
2624
2319
2435
2515
3102
2665
2277
2390
2810
2785
2416
2872
2588
2281
2620
2599
2456
2568
2531
2412
2578
2429
2484
2653
2333
2675
2720
2390
2450
2604
2907
2532
2692
2685
2468
2734
2569
2801
2466
2679
2529
2733
2633
2907
2488
2475
2683
2798
2276
2447
2538
2376
2903
2645
2461
2504
2609
2571
2487
3007
2482
2429
2272
2654
2398
2604
2570
2599
2693
2531
2554
3083
2534
2742
2785
2641
2272
2351
2673
2522
