2448
2472
2688
2546
2777
2954
2782
2475
2512
2488
2831
2501
2750
2879
2569
2724
2574
2614
2887
2560
2342
2498
2996
2443
2630
2445
2776
2338
2706
2391
2392
2690
2828
2311
2880
2469
2467
2631
2443
2341
2385
2586
2447
2590
2548
2389
2662
2372
2963
2335
2468
2569
2727
2524
2618
2534
2596
2366
2780
2750
2488
2634
2544
2673
2452
2508
2423
2487
2733
2454
2632
2399
2587
2507
2518
2290
2611
2368
2910
2487
2559
2889
2583
2482
2686
2646
2435
2583
2944
2306
2404
2315
2541
2588
2862
2624
2464
2383
2342
2572
2816
3247
2763
2834
2582
3027
2629
2380
2364
2670
2385
2664
2870
2726
2538
2608
2266
2527
2401
3273
2588
2585
2768
2446
2274
2797
2632
2955
2241
2450
2529
2850
2458
2586
2622
2755
2462
2932
2666
3207
2865
2511
2567
2249
2342
2384
2449
2612
3144
2527
2573
2583
2716
2899
2677
2705
2784
2360
2381
3235
2459
2459
2617
2933
2644
2341
2486
2477
2497
2425
2876
2393
3009
2622
2757
2248
2672
2634
2744
2458
2563
2750
2306
2576
2445
2995
2561
2664
2824
2499
2394
2495
2642
2181
2814
2428
2461
2864
2458
2680
