2387
2707
2406
2429
2503
2750
2704
2760
2452
2588
2323
3022
2631
2507
2383
2567
2550
2579
2340
2506
2766
2815
2397
2661
2674
2448
2872
2464
2599
2451
2689
2963
2678
2337
2486
2523
2484
2492
2688
2704
2803
2514
2945
2365
2656
2529
2676
2446
2547
2433
2372
2907
2560
2314
2589
2260
2653
2422
2607
2547
2331
2661
2749
2915
2685
2364
2551
2557
2201
2467
2691
2414
2545
2324
2322
2454
2360
2656
2521
2430
2407
2870
2571
2603
2499
2366
2653
2278
2662
2480
2442
2448
2427
2529
2450
2693
2787
3206
2615
2447
2517
2863
2698
2469
2352
2697
2587
2587
2477
2369
2346
2411
2671
2657
2485
2332
2611
2644
2580
2452
3120
2435
2547
3066
2245
2887
2602
2647
2725
2567
2615
2419
2410
2882
2426
2646
2440
2780
2365
3123
2571
2796
2677
2501
2442
2720
2601
2830
2485
2901
2509
2629
2500
2672
2818
2498
2896
2682
2398
2359
2457
2422
2317
2501
2386
2763
2616
2299
2751
2502
2581
2441
2481
2720
2414
2406
2711
2444
2451
2552
2306
2720
2553
3032
2526
2762
2346
2558
2491
2485
2542
2492
2420
2406
2530
2655
2525
2535
2800
2454
