2712
3083
2630
2692
2389
2421
2479
2387
2599
2338
2347
2643
2302
2827
2712
2811
2621
2390
2166
2548
2615
2332
2742
2333
3942
2366
2685
2940
2329
2427
2347
2530
2542
2823
2756
3031
2446
2353
2363
2471
2329
2292
2755
2568
2251
3043
2497
2459
2753
2652
2256
2511
2920
2862
2320
2650
2538
2430
2432
2496
2983
2501
2548
2575
2925
2687
2296
2385
3169
2567
3348
3068
2579
3138
2743
2747
2847
3725
2621
2645
2553
2317
2458
2731
2609
2557
2320
2624
2564
3274
2780
2860
2399
2606
2914
2401
2219
2597
3004
2722
2426
2274
2380
2939
2740
2446
2309
2629
2286
2856
2413
2440
2521
2943
3082
2185
2598
2658
2467
2422
2739
2444
2531
2385
2557
2425
2493
2406
2264
2521
2382
2260
2853
2558
2572
2455
2636
2722
2730
2490
2514
3255
2334
2317
3005
2200
2474
2454
2734
2586
2529
2345
2295
2405
2477
2381
2553
2639
2162
2619
2313
2468
2590
2574
2447
2338
2288
2358
2570
2593
3207
2301
2660
2697
2382
2519
2345
2365
2730
2749
2611
2694
2600
2883
2419
2486
2432
2809
2611
2612
2507
2432
2440
2514
2603
2846
2358
2751
2828
2441
