2473
2732
2342
2484
2347
2365
2511
2267
2156
2506
2674
3133
2802
2603
3026
2297
3017
2539
2607
2482
2255
2362
2407
2643
2542
2512
2894
2752
2655
2751
2403
2345
2454
2337
2705
2738
2586
2544
2700
2977
2363
2535
2883
2393
2451
2380
2898
2392
2334
2569
2739
2247
2523
2673
2838
2545
2462
2179
2290
2846
2243
2266
2422
3239
2662
2514
2735
2659
2886
2573
2461
2476
2229
2811
2901
3255
2463
2976
3006
2549
2618
2926
2918
2618
2730
2819
2258
2694
2344
2808
2451
2483
2571
2513
2288
2207
2132
2208
2682
2744
2460
2729
2549
2417
2544
2529
2554
2791
2552
2544
2358
2341
3129
2260
2287
2685
2474
2598
2723
2342
2539
2391
2532
2653
2576
2441
2359
2440
2645
2547
2592
2415
2272
2713
2792
2601
2596
2944
2721
2371
2282
3135
2581
2556
2943
2585
2619
2350
2491
2331
2512
2467
2634
2565
2325
2662
2437
2471
2588
2450
2447
3401
2506
2517
2588
2466
2756
2798
2678
2679
2855
2540
2643
2242
2592
2526
2810
2340
2326
2394
2656
2400
2680
2447
2603
2547
2976
2386
2952
2835
2237
2642
2458
2890
2449
2598
2940
2417
2647
2726
