2408
2555
2775
2726
2469
2604
2575
2578
2660
2607
2380
2432
2266
2376
2372
2533
2367
2829
2543
2477
2579
2392
2698
2546
2434
2592
2623
2735
2543
2334
2448
2592
2357
2485
2861
2654
2585
2435
2470
2585
2480
2759
2608
2477
2457
2465
2766
2464
2747
2411
2693
2431
2281
2389
2515
2637
2475
3035
2656
2740
2417
2550
2484
2495
2435
2509
2516
2346
2598
2570
2362
2456
2424
2345
2535
2403
2887
2711
2731
2470
2618
2396
2682
2626
2454
2513
2685
2329
2600
2431
2406
3175
2627
2883
2389
2859
3012
2231
3520
2384
2235
2692
2486
2708
2398
2568
2813
2289
2559
2710
2423
2637
2431
2226
2728
2670
2419
2367
2480
3011
2248
2372
2614
2472
2594
2489
2689
2754
2474
2392
2433
2508
2534
2362
2351
2600
2304
2660
3133
2670
2378
2695
2829
2313
2513
2584
2480
2767
2536
2282
2711
2666
2643
2613
2684
2538
2704
2507
2607
2317
2897
2416
2764
2427
2445
2584
2235
2396
2458
2808
2477
2695
2503
2373
2349
2577
2368
2383
2638
2563
2677
2609
2328
2616
2647
2467
2371
2668
2442
2492
2587
2491
2487
2360
2856
2550
3146
2693
2470
2487
