2686
2595
2486
2607
2238
2403
2438
2622
2490
2706
2824
2765
2475
2778
2847
2534
2929
2716
2672
2617
2627
2520
2301
2287
3118
2734
2807
2312
2318
2823
2472
2819
2490
2269
2318
2772
2305
2291
2460
2259
2531
2384
2765
2411
2453
2333
2460
2576
2513
2777
2370
2889
2753
2771
2681
2475
2528
2636
2455
2877
3416
2502
2611
2528
3213
2498
2690
2508
2836
2408
2583
3035
2739
2516
2293
2509
2613
2877
2467
3114
2403
2406
2491
2666
2462
2653
2651
2283
2634
2266
2696
2399
2516
2444
2470
2539
2444
2391
2948
2324
2468
2498
2768
2313
2475
2591
2602
2491
2644
2458
2768
2574
2663
2771
2626
2309
3320
2320
2125
2361
2366
2825
2836
2728
2547
2690
2664
2742
2466
2550
2426
2597
2400
2540
2567
2422
2581
2479
2439
2515
2716
2513
2429
2382
2260
2331
2899
2781
2998
2427
2637
2626
2619
2442
2971
2316
2580
2768
2652
2510
2782
2289
2370
2460
2636
2683
2522
2281
2342
2169
2351
2726
2438
2715
2692
2256
2498
2578
2381
2558
2531
2607
3072
2622
2323
2284
2508
2180
2661
2480
2852
2849
2574
3009
2808
2568
2763
2338
2390
2506
