2379
2523
2560
2539
2667
2533
2600
2373
2745
2859
2380
2595
2349
2475
2456
2350
2667
2511
2535
2482
2727
2466
2324
2399
2607
2655
2592
2241
2605
2602
3041
2561
2902
2263
2565
2832
2481
2883
2290
2553
2768
2302
2630
2779
2797
2488
2375
2422
2429
2948
2271
2637
2480
2436
2950
2721
2510
2962
2577
2754
2440
2371
2414
2960
2556
2564
2879
2662
2344
2663
2356
2384
2333
2593
2510
3022
2408
2323
2578
2521
2402
2743
2602
2544
2524
2637
2662
2599
2338
2719
2331
3255
2360
2885
2479
2629
2783
2524
2433
2381
2621
2981
2915
3116
2871
2420
2984
2659
2611
2321
3063
2584
2403
2627
2461
2595
2435
2490
2911
2421
2353
2543
2626
2432
2405
2234
2546
2734
2546
2309
2426
2460
2397
2946
2538
2752
2495
2926
3014
2441
3133
2783
2413
2344
2575
2323
2568
2401
2328
2752
2558
2534
2199
2843
2826
2259
2797
2684
2817
2323
2500
2471
2554
2653
2881
2464
2596
2549
2373
2335
2836
2327
3088
2618
2676
2293
2824
2702
2575
2448
2489
2811
2565
2442
2543
2700
2425
2651
3092
2402
2643
3183
2476
2313
2202
2618
2593
2327
2631
2562
