2581
2402
3090
3183
2530
2372
2560
2878
2533
2700
2502
2244
2548
2401
2652
2637
2480
2318
2635
2736
2805
2415
2809
2331
3081
2530
2464
2641
2552
2640
2665
2511
3225
2580
2765
2599
2506
2377
2686
2465
2831
2583
2461
2597
2889
2426
2576
2543
2630
2521
2629
2375
2406
2563
2929
3070
2384
2532
2527
2788
2473
2553
2436
2841
2787
3215
2800
2518
2448
2599
2242
2440
2595
2310
2234
2352
2829
2744
2664
2841
2511
3576
2484
3040
2531
2595
2909
2689
2574
2254
2686
2513
2712
2472
2532
2847
2696
2617
2656
2405
2969
2642
3304
2299
2301
2787
2613
2427
2651
3031
2373
2761
2875
2623
2446
2386
2432
2621
2638
2599
2351
2686
2841
2534
2500
2631
2526
2247
2597
2427
2401
2570
2432
2365
2552
2427
2702
2477
2797
2399
2458
3109
2677
2533
2672
2645
2509
2964
2463
2634
2511
2730
2715
2410
2599
2605
2638
2653
2476
2391
2564
2567
2415
2443
2528
2690
2307
2769
2878
2615
2847
2637
2647
2628
2502
2502
2470
2526
2556
2930
2667
2427
2518
2824
2554
2654
2492
2597
2790
2611
2855
2683
2686
2770
2548
3218
2400
2341
2607
3102
