2521
2488
2514
2427
2843
2676
2379
2930
2465
2706
2826
2229
2240
2855
2457
3365
2388
2482
2952
2438
2407
2681
2519
2509
2783
2415
2225
2331
2632
2780
2507
2313
2563
2648
2645
2577
2607
2366
2765
2625
2622
2501
2620
2822
2346
2327
2634
2291
2375
2829
2784
2448
2688
2510
2850
2393
2612
2836
3045
2523
2440
2514
2610
2392
2274
2342
2712
2606
3208
2548
3160
2537
2524
2224
2298
2748
2852
2443
2782
2306
2996
3125
2751
2482
2646
2715
2518
2654
2991
2571
2305
2451
2394
2624
2506
2936
2616
2449
2405
2544
2203
2957
2723
2286
2654
2371
2891
2578
2308
2517
2738
2204
2487
2475
2168
2827
2561
2456
2358
2540
2570
2500
2647
2826
2656
2512
2580
2704
2557
2506
2590
2644
2775
2593
2201
2529
2878
2592
2552
3270
2377
2458
2584
2550
2556
2414
2545
2940
2525
2685
2902
2826
2807
2503
2379
2548
2220
2709
2971
2711
2536
2452
2772
2352
2539
2468
2472
2724
2424
2634
2426
2798
2671
2469
2760
2202
2485
2970
2382
2998
2577
3412
2637
2495
2180
2492
2448
2433
2838
2305
2439
2598
2860
2609
2677
3201
2485
2454
2385
2729
