2493
2704
2632
2192
2738
2526
2458
3157
2335
2488
2540
2344
2510
2672
2679
2542
2411
2704
3061
2381
2402
2724
2658
2212
2631
2545
2751
2237
3033
2467
2845
2315
2493
2474
2799
2488
2503
2477
2947
2946
2789
2610
2855
2572
2484
2807
2516
2424
2798
2652
2224
2392
2413
2714
2283
2637
2612
2534
2694
2809
2598
2576
2646
2671
2672
2368
2237
2805
2586
2501
2549
2508
2930
2741
3026
2886
2717
2644
2225
2318
2654
2372
2503
2733
2887
2454
2692
2545
2373
2469
2675
2736
2474
2293
2340
2573
2945
2661
2448
2784
2403
2770
2499
2636
2496
2800
2732
2421
2460
2296
2544
2330
2769
2388
2651
2423
2848
2584
2579
2474
2934
2620
2415
2403
2438
2543
2661
2371
2716
2632
2729
2676
2663
2336
2482
2841
2262
2749
2317
3106
2846
2902
2493
2455
2888
2443
2478
2432
2350
2612
2817
2541
2325
2663
2368
2807
2612
2326
2492
2811
2257
2621
2779
2509
2702
2412
2465
2586
2733
2629
2577
2460
3117
2653
2711
2766
2471
2658
2531
2254
2273
2451
2755
2402
2730
2566
2691
2514
2282
2669
2457
2501
2681
2462
2353
2567
2555
3206
2355
2662
