2830
2698
2456
2674
2785
2563
2381
2934
3027
2439
2822
2545
2443
2532
2700
2449
2472
2848
2865
2388
2459
2754
2384
2330
2575
2375
2621
2409
2427
2501
2445
2408
2802
3091
2738
2450
2432
2546
2970
2805
2674
2680
2384
2947
2388
2836
2634
2595
2560
2700
2244
2495
2768
2279
2706
2740
2634
2490
2405
2293
3017
2775
2433
2552
2588
2559
2291
2654
2369
3271
2393
2873
2720
2600
2653
2722
2560
2482
2370
2565
2335
2422
2335
2312
2586
2589
2453
2510
2379
2524
2389
2741
2797
2398
2855
2628
2707
2578
2574
2901
2435
2787
2321
2397
2234
2967
2705
2362
2259
2473
2519
2647
2908
3007
2555
2906
2471
2721
2432
2406
2737
2727
2593
2517
2544
2934
2395
2506
2483
2613
2795
2874
2748
2441
2669
2577
2663
2301
2412
2621
2807
2470
2868
2574
2248
2410
2594
2793
2393
2307
2313
2327
3027
2242
2983
2594
2994
2612
2770
2559
2582
2499
2468
2221
2566
2682
2748
2798
2753
2516
2636
2374
2293
2724
2627
2971
2691
2540
2994
2814
2303
2730
2515
2596
2460
3010
2614
2506
2813
2674
2440
2455
2377
2601
2200
2491
2613
2345
2954
2665
