2578
2403
2204
2397
2239
2251
2265
2280
2317
2479
2182
2308
2315
2293
2294
2299
2267
2296
2346
2271
2253
2308
2243
2352
2302
2351
2226
2532
2304
2304
2361
2299
2305
2276
2251
2280
2232
2285
2244
2427
2328
2253
2281
2440
2227
2259
2336
2295
2274
2303
2342
2309
2204
2370
2325
2483
2267
2321
2278
2499
2317
2258
2183
2364
2350
2247
2360
2358
2294
2246
2237
2205
2299
2287
2275
2226
2230
2346
2203
2351
2344
2245
2252
2290
2421
2309
2357
2308
2483
2382
2198
2304
2299
2317
2264
2295
2255
2319
2309
2373
2374
2284
2374
2217
2241
2405
2293
2262
2272
2299
2289
2389
2391
2500
2268
2330
2288
2304
2317
2283
2260
2340
2376
2209
2173
2265
2316
2220
2325
2525
2315
2359
2350
2210
2348
2281
2236
2222
2222
2320
2273
2203
2250
2319
2323
2309
2304
2242
2282
2386
2307
2267
2326
2289
2265
2165
2363
2277
2533
2273
2227
2304
2304
2347
2402
2261
2235
2185
2198
2240
2262
2196
2259
2278
2195
2326
2212
2307
2320
2290
2385
2181
2242
2344
2503
2256
2277
2227
2337
2308
2383
2337
2599
2244
2298
2363
2389
2305
2356
2303
2342
2226
2245
2359
2412
2205
2424
2278
2246
2498
2248
2328
2308
2349
2285
2283
2326
2417
2209
2300
2216
2321
2305
2387
2281
2277
2266
2192
2190
2273
2252
2349
2324
2529
2289
2275
2268
2366
2294
2222
2197
2255
2387
2467
2339
2268
2252
2271
2260
2289
2321
2381
2299
2319
2287
2324
2417
2289
2318
2319
2373
2287
2215
2288
2286
2327
2292
2345
2373
2278
2294
2296
2298
2393
2298
2236
2295
2258
2259
2313
2282
2254
2182
2209
2402
2281
2311
2304
2323
2271
2213
2217
2321
2333
2298
2314
2309
2274
2214
2283
2359
2276
2387
2358
2219
2309
2173
2333
2261
2299
2328
2515
2430
2357
2301
2357
2272
2313
2208
2454
2318
2375
2252
2333
2341
2297
2283
2262
2404
2355
2285
2307
2318
2316
2320
2325
2374
2255
2290
2225
2266
2230
2272
2409
2438
2262
2229
2166
2226
2276
2344
2222
2274
2214
2377
2356
2330
2270
2180
2304
2314
2328
2292
2425
2373
2261
2415
2231
2218
2273
2231
2332
2278
2373
2239
2263
2467
2303
2297
2250
2240
2240
2365
2476
2165
2234
2259
2287
2329
2373
2305
2442
2248
2286
2298
2262
2257
2224
2216
2270
2238
2250
2293
2237
2184
2278
2258
2262
2239
2266
2322
2353
2374
2341
2281
2235
2391
2204
2238
2212
2276
2381
2247
2403
2327
2269
2287
2351
2249
2357
2218
2288
2251
2276
2214
2217
2265
2345
2190
2306
2232
2312
2210
2260
2274
2418
2408
2203
2229
2291
2376
2296
2297
2421
2329
2288
2198
2295
2181
2305
2236
2281
2193
2277
2256
2279
2447
2562
2454
2276
2326
2228
2335
2276
2414
2203
2407
2351
2314
2461
2288
2251
2452
2266
2274
2296
2242
2304
2308
2366
2227
2331
2264
2224
2327
2268
2288
2360
2270
2312
