2230
2258
2307
2268
2170
2240
2238
2227
2207
2231
2308
2283
2226
2270
2231
2244
2254
2318
2243
2295
2253
2374
2221
2317
2334
2204
2213
2236
2303
2250
2217
2233
2323
2240
2304
2254
2211
2341
2331
2251
2238
2288
2247
2271
2250
2288
2233
2193
2173
2256
2214
2250
2341
2325
2274
2207
2235
2298
2365
2325
2247
2221
2237
2338
2273
2315
2187
2174
2273
2346
2291
2252
2302
2325
2234
2233
2286
2386
2193
2207
2318
2286
2237
2198
2325
2224
2271
2287
2386
2201
2290
2265
2241
2305
2235
2286
2224
2290
2258
2255
2231
2329
2275
2195
2289
2274
2350
2314
2330
2172
2234
2284
2235
2202
2224
2231
2226
2282
2243
2251
2237
2414
2225
2225
2212
2352
2274
2262
2230
2442
2263
2207
2257
2344
2273
2248
2219
2178
2276
2295
2238
2268
2221
2268
2316
2373
2327
2388
2198
2233
2250
2300
2285
2275
2239
2223
2206
2209
2319
2363
2264
2237
2282
2251
2302
2250
2450
2184
2214
2272
2356
2191
2260
2216
2214
2299
2299
2381
2288
2329
2330
2343
2225
2247
2347
2255
2229
2323
2275
2246
2258
2325
2396
2208
2253
2237
2302
2226
2184
2270
2393
2267
2214
2217
2324
2406
2156
2263
2258
2235
2186
2348
2202
2191
2267
2379
2316
2320
2243
2329
2253
2311
2302
2413
2242
2285
2302
2347
2389
2264
2276
2259
2363
2291
2291
2207
2303
2304
2252
2272
2243
2261
2255
2201
2195
2225
2303
2248
2238
2309
2286
2339
2361
2220
2169
2143
2311
2383
2291
2163
2197
2240
2339
2352
2232
2277
2415
2330
2251
2297
2271
2262
2210
2273
2288
2245
2268
2281
2348
2261
2218
2397
2199
2221
2242
2227
2244
2232
2225
2325
2381
2244
2229
2233
2221
2273
2276
2242
2275
2274
2260
2256
2186
2278
2260
2361
2232
2212
2176
2254
2274
2335
2200
2228
2217
2222
2279
2253
2268
2322
2463
2240
2197
2205
2297
2245
2299
2332
2220
2338
2255
2322
2316
2168
2286
2272
2257
2277
2247
2241
2287
2201
2309
2280
2266
2189
2215
2220
2214
2304
2264
2372
2363
2207
2274
2214
2320
2366
2291
2259
2326
2196
2300
2274
2274
2228
2234
2316
2261
2214
2265
2261
2232
2304
2212
2233
2252
2227
2310
2340
2290
2192
2384
2248
2292
2239
2360
2251
2353
2327
2233
2200
2182
2304
2352
2257
2236
2304
2279
2269
2282
2432
2261
2387
2239
2192
2256
2226
2278
2301
2203
2248
2173
2211
2330
2252
2237
2396
2346
2230
2369
2210
2352
2214
2241
2359
2240
2315
2186
2316
2251
2283
2261
2305
2198
2208
2237
2288
2270
2311
2348
2248
2325
2268
2208
2313
2341
2343
2324
2271
2199
2351
2268
2295
2307
2231
2292
2223
2393
2365
2238
2293
2201
2230
2249
2220
2308
2321
2319
2326
2254
2258
2227
2225
2260
2335
2276
2252
2276
2265
2314
2426
2281
2255
2272
2262
2223
2255
2317
2256
2266
2200
2189
2220
2202
2356
2298
2195
2320
2297
