2235
2240
2326
2238
2168
2231
2217
2229
2187
2306
2203
2235
2213
2223
2231
2218
2242
2217
2254
2229
2252
2292
2187
2330
2313
2178
2202
2358
2268
2170
2199
2154
2252
2237
2225
2272
2178
2252
2160
2250
2191
2147
2214
2304
2198
2221
2278
2226
2310
2267
2248
2272
2259
2244
2219
2161
2209
2193
2187
2184
2213
2194
2200
2206
2239
2263
2342
2211
2212
2213
2197
2297
2258
2276
2241
2222
2247
2158
2250
2167
2172
2202
2216
2216
2210
2172
2244
2251
2275
2203
2215
2222
2223
2306
2187
2201
2188
2216
2234
2173
2194
2278
2200
2284
2166
2218
2192
2211
2249
2300
2231
2187
2218
2274
2240
2277
2226
2165
2216
2244
2249
2209
2297
2207
2256
2264
2266
2288
2226
2183
2193
2214
2193
2179
2201
2193
2243
2285
2275
2158
2253
2215
2231
2285
2266
2213
2279
2218
2165
2251
2242
2220
2271
2263
2170
2215
2266
2249
2158
2188
2280
2174
2278
2241
2188
2150
2184
2225
2163
2241
2221
2173
2294
2180
2182
2229
2240
2212
2184
2259
2286
2194
2342
2210
2185
2190
2232
2229
2226
2197
2259
2171
2243
2310
2258
2227
2307
2214
2280
2330
2209
2356
2229
2221
2204
2268
2228
2175
2208
2261
2232
2241
2176
2217
2286
2185
2247
2214
2251
2255
2181
2235
2227
2201
2272
2200
2246
2310
2211
2213
2208
2225
2252
2187
2208
2244
2214
2309
2228
2277
2202
2203
2207
2226
2230
2247
2358
2181
2171
2234
2259
2217
2203
2283
2238
2147
2250
2197
2246
2206
2176
2158
2223
2349
2244
2340
2232
2321
2216
2212
2247
2198
2196
2339
2281
2244
2237
2208
2231
2279
2246
2200
2219
2250
2217
2291
2181
2147
2297
2181
2225
2240
2305
2241
2257
2275
2193
2270
2211
2218
2157
2286
2234
2355
2215
2200
2173
2214
2185
2497
2251
2191
2258
2207
2256
2214
2253
2234
2166
2309
2208
2210
2320
2218
2228
2193
2284
2232
2288
2244
2305
2250
2199
2261
2227
2232
2180
2196
2223
2336
2154
2219
2244
2246
2182
2268
2261
2257
2177
2178
2202
2184
2268
2305
2305
2219
2300
2206
2212
2187
2207
2229
2310
2227
2262
2206
2209
2201
2231
2288
2272
2384
2186
2272
2246
2188
2260
2211
2210
2286
2192
2284
2225
2188
2222
2228
2289
2207
2185
2196
2384
2279
2211
2214
2280
2191
2280
2209
2176
2253
2231
2259
2307
2185
2193
2193
2235
2288
2215
2226
2279
2294
2202
2211
2207
2239
2335
2219
2244
2188
2325
2218
2216
2188
2269
2240
2247
2189
2246
2329
2238
2214
2325
2243
2181
2224
2296
2264
2187
2177
2294
2195
2270
2248
2206
2203
2204
2247
2358
2247
2189
2179
2188
2256
2247
2223
2200
2224
2256
2214
2199
2214
2200
2280
2204
2183
2254
2217
2204
2179
2243
2202
2192
2209
2188
2177
2270
2233
2236
2244
2191
2177
2333
2218
2271
2245
2180
2272
2187
2202
2234
2214
2207
2258
2219
2285
2230
2223
2287
2190
