2315
2262
2265
2202
2290
2212
2187
2261
2206
2289
2245
2163
2237
2178
2268
2289
2205
2233
2205
2210
2240
2180
2300
2211
2210
2240
2196
2182
2194
2192
2202
2165
2291
2146
2240
2248
2246
2188
2284
2246
2333
2243
2222
2225
2322
2216
2279
2272
2286
2255
2231
2240
2235
2236
2220
2228
2242
2268
2285
2434
2211
2212
2204
2268
2283
2162
2294
2216
2210
2287
2266
2273
2242
2245
2218
2269
2346
2205
2169
2264
2174
2227
2291
2278
2221
2237
2206
2154
2193
2273
2233
2363
2302
2232
2246
2242
2264
2224
2214
2190
2210
2229
2274
2258
2209
2186
2316
2325
2200
2237
2273
2311
2210
2327
2224
2225
2275
2182
2186
2156
2202
2251
2222
2180
2314
2214
2260
2224
2264
2287
2262
2215
2254
2233
2274
2327
2206
2253
2175
2292
2188
2288
2205
2247
2192
2286
2277
2248
2279
2171
2197
2208
2212
2189
2248
2234
2202
2202
2217
2213
2258
2247
2187
2200
2264
2198
2197
2216
2253
2207
2287
2273
2283
2212
2327
2267
2210
2234
2151
2222
2212
2287
2205
2256
2184
2328
2245
2236
2155
2220
2197
2250
2259
2198
2251
2268
2204
2236
2256
2255
2235
2204
2228
2161
2279
2262
2243
2238
2184
2156
2239
2192
2204
2227
2249
2199
2296
2241
2174
2242
2231
2166
2253
2232
2281
2198
2334
2256
2215
2292
2187
2252
2326
2233
2306
2284
2201
2206
2262
2247
2191
2201
2238
2248
2210
2203
2262
2260
2206
2213
2201
2207
2311
2210
2253
2208
2217
2230
2183
2186
2222
2348
2225
2253
2236
2196
2184
2241
2238
2210
2215
2344
2193
2267
2186
2257
2219
2243
2228
2212
2294
2196
2159
2206
2279
2270
2241
2284
2238
2217
2298
2229
2207
2312
2239
2217
2219
2258
2199
2291
2253
2214
2343
2262
2237
2234
2206
2379
2271
2201
2175
2194
2233
2251
2213
2232
2217
2297
2220
2213
2305
2244
2180
2256
2234
2149
2288
2188
2250
2233
2312
2257
2357
2264
2189
2270
2376
2248
2242
2270
2209
2238
2275
2226
2178
2201
2205
2315
2241
2278
2387
2304
2223
2246
2190
2231
2269
2191
2184
2219
2193
2178
2212
2275
2203
2188
2224
2225
2215
2230
2235
2270
2205
2242
2276
2284
2265
2222
2199
2353
2187
2287
2269
2245
2219
2213
2180
2245
2218
2296
2228
2249
2233
2224
2325
2184
2276
2260
2258
2206
2220
2248
2210
2224
2283
2199
2246
2303
2231
2217
2266
2260
2196
2250
2283
2199
2195
2244
2187
2212
2213
2248
2277
2201
2241
2297
2285
2292
2201
2313
2232
2203
2223
2256
2300
2167
2261
2187
2222
2233
2141
2293
2273
2209
2240
2233
2225
2211
2230
2203
2197
2233
2237
2187
2181
2190
2199
2240
2265
2304
2186
2249
2233
2220
2372
2259
2307
2305
2392
2192
2242
2255
2237
2317
2349
2255
2208
2274
2267
2252
2227
2175
2333
2286
2251
2241
2207
2278
2236
2191
2232
2221
2195
2225
2294
2196
2275
2275
2248
2286
