2495
2500
2433
2495
2459
2285
2655
2319
2375
2338
2495
2446
2418
2411
2358
2446
2458
2286
2466
2337
2327
2356
2376
2464
2442
2437
2465
2466
2416
2432
2624
2416
2485
2438
2369
2361
2402
2837
2313
2556
2502
2503
2473
2381
2413
2507
2389
2461
2488
2371
2449
2376
2365
2398
2270
2525
2414
2438
2609
2319
2458
2548
2351
2316
2435
2369
2302
2343
2446
2489
2394
2332
2454
2437
2373
2419
2482
2512
2490
2362
2365
2533
2461
2334
2438
2388
2842
2378
2573
2391
2475
2402
2411
2677
2461
2444
2401
2482
2459
2451
2513
2357
2368
2520
2475
2446
2625
2421
2496
2366
2409
2590
2327
2545
2334
2322
2550
2522
2444
2480
2495
2383
2498
2389
2516
2470
2306
2409
2482
2396
2463
2459
2591
2450
2470
2430
2318
2415
2351
2331
2569
2351
2495
2363
2497
2321
2510
2420
2327
2446
2506
2524
2333
2592
2394
2373
2333
2495
2368
2465
2457
2342
2421
2577
2424
2762
2477
2528
2465
2429
2449
2394
2329
2417
2429
2485
2472
2489
2373
2424
2473
2379
2298
2479
2342
2475
2459
2455
2428
2431
2368
2441
2418
2298
2407
2337
2431
2405
2568
2366
2593
2418
2452
2570
2447
2420
2354
2405
2491
2521
2456
2468
2514
2379
2426
2522
2434
2331
2493
2449
2399
2350
2326
2454
2317
2320
2426
2398
2387
2557
2414
2332
2366
2396
2455
2434
2498
2443
2327
2363
2369
2258
2410
2373
2314
2442
2519
2380
2455
2340
2492
2452
2452
2410
2349
2349
2466
2456
2562
2542
2290
2257
2429
2410
2443
2303
2340
2415
2585
2498
2564
2360
2521
2402
2449
2361
2325
2287
2305
2340
2541
2422
2515
2385
2530
2450
2579
2386
2349
2497
2395
2339
2438
2373
2411
2304
2336
2640
2385
2457
2579
2467
2448
2346
2426
2438
2316
2333
2567
2474
2410
2454
2497
2456
2414
2430
2591
2363
2427
2348
2364
2525
2320
2256
2336
2482
2377
2518
2392
2373
2554
2427
2282
2516
2699
2461
2404
2303
2427
2450
2393
2370
2357
2513
2454
2434
2497
2397
2414
2426
2363
2451
2334
2296
2391
2408
2427
2513
2670
2402
2473
2363
2659
2355
2383
2385
2429
2400
2392
2431
2372
2543
2408
2468
2350
2480
2330
2309
2293
2412
2390
2484
2499
2285
2438
2347
2466
2380
2378
2466
2372
2441
2480
2360
2436
2485
2401
2418
2495
2390
2504
2405
2305
2470
2389
2395
2422
2498
2306
2376
2327
2445
2343
2408
2368
2482
2369
2493
2430
2557
2351
2346
2697
2478
2409
2442
2486
2321
2376
2514
2359
2477
2482
2376
2407
2471
2420
2453
2448
2358
2470
2605
2467
2385
2507
2355
2403
2317
2423
2572
2393
2386
2487
2507
2357
2545
2398
2296
2329
2396
2435
2403
2400
2456
2490
2424
2345
2401
2417
2478
2427
2508
2446
2243
2413
2455
2531
2380
2365
2388
2586
2336
2496
2452
2467
2413
2756
2555
2471
2467
2511
2324
2453
2347
2438
2424
2308
2465
2387
2451
