2452
2497
2392
2470
2482
2373
2574
2433
2461
2524
2342
2363
2388
2479
2414
2351
2404
2357
2391
2373
2416
2492
2384
2342
2327
2477
2573
2338
2405
2494
2409
2446
2502
2371
2497
2392
2433
2442
2424
2285
2386
2417
2461
2363
2393
2517
2526
2475
2343
2484
2310
2382
2376
2447
2444
2500
2277
2364
2411
2294
2471
2523
2358
2373
2377
2374
2495
2365
2297
2432
2436
2428
2408
2349
2473
2379
2317
2328
2412
2334
2394
2405
2472
2416
2563
2487
2514
2516
2469
2475
2493
2336
2361
2572
2336
2477
2405
2469
2519
2387
2421
2376
2358
2533
2289
2378
2380
2451
2411
2322
2419
2394
2382
2308
2447
2342
2359
2323
2458
2290
2657
2366
2355
2385
2484
2489
2552
2323
2388
2490
2387
2465
2400
2410
2360
2338
2449
2336
2312
2412
2352
2470
2410
2496
2524
2432
2426
2444
2470
2393
2488
2345
2414
2550
2341
2430
2359
2433
2329
2451
2451
2315
2611
2394
2375
2471
2389
2404
2513
2656
2480
2514
2427
2315
2316
2493
2375
2779
2512
2445
2375
2458
2478
2585
2338
2490
2389
2465
2452
2541
2466
2694
2530
2464
2379
2315
2327
2390
2377
2463
2410
2451
2291
2451
2340
2571
2408
2440
2423
2394
2406
2383
2472
2398
2402
2390
2523
2340
2568
2391
2430
2400
2382
2392
2355
2425
2489
2410
2454
2335
2289
2448
2328
2336
2455
2394
2607
2310
2481
2398
2449
2355
2314
2396
2553
2433
2490
2365
2487
2530
2320
2300
2299
2389
2570
2354
2403
2358
2417
2343
2348
2568
2494
2401
2351
2479
2547
2329
2500
2330
2300
2496
2365
2397
2361
2418
2385
2570
2450
2322
2339
2367
2315
2690
2369
2317
2429
2383
2275
2382
2366
2409
2470
2510
2468
2480
2376
2406
2368
2438
2471
2538
2420
2320
2444
2424
2468
2416
2244
2585
2542
2491
2327
2506
2265
2615
2409
2470
2376
2385
2459
2396
2527
2473
2348
2655
2508
2410
2582
2446
2388
2400
2322
2339
2384
2403
2607
2374
2377
2440
2411
2347
2557
2501
2355
2456
2394
2410
2357
2492
2387
2395
2513
2369
2293
2543
2397
2313
2428
2416
2613
2435
2388
2434
2466
2337
2392
2283
2356
2315
2478
2357
2407
2481
2353
2369
2411
2528
2476
2400
2337
2376
2455
2421
2382
2495
2436
2463
2304
2457
2399
2368
2398
2385
2399
2577
2341
2280
2391
2477
2343
2269
2431
2416
2472
2348
2468
2447
2378
2412
2363
2380
2449
2429
2479
2461
2368
2406
2426
2548
2536
2380
2301
2411
2382
2402
2328
2409
2405
2384
2409
2519
2485
2419
2355
2425
2318
2378
2474
2352
2491
2495
2360
2300
2460
2391
2383
2301
2535
2356
2366
2422
2434
2399
2407
2376
2414
2429
2315
2473
2331
2467
2354
2423
2387
2486
2455
2261
2497
2440
2506
2512
2353
2567
2411
2386
2469
2506
2423
2386
2368
2452
2395
2428
2349
2414
2441
2377
2563
2425
2412
2392
2362
2368
2313
2360
2358
2494
2301
2334
