2361
2359
2389
2494
2458
2518
2405
2496
2420
2371
2415
2286
2410
2452
2473
2511
2495
2398
2400
2445
2390
2448
2414
2422
2449
2382
2514
2415
2377
2376
2405
2381
2515
2445
2383
2349
2351
2463
2438
2430
2539
2485
2378
2429
2594
2580
2558
2294
2557
2320
2322
2513
2438
2412
2458
2400
2397
2422
2445
2387
2473
2503
2394
2287
2507
2496
2296
2555
2393
2400
2381
2366
2410
2491
2447
2340
2450
2408
2412
2400
2449
2380
2402
2445
2404
2299
2427
2324
2451
2428
2436
2365
2437
2524
2291
2430
2481
2485
2342
2426
2347
2388
2412
2383
2591
2433
2529
2305
2428
2522
2557
2302
2384
2363
2501
2342
2343
2396
2386
2484
2402
2416
2344
2475
2455
2311
2491
2489
2389
2360
2431
2354
2369
2402
2368
2423
2339
2370
2429
2557
2403
2254
2443
2422
2381
2338
2478
2359
2461
2352
2410
2295
2478
2486
2436
2458
2455
2388
2389
2507
2521
2404
2373
2386
2425
2452
2432
2350
2414
2461
2600
2440
2527
2411
2357
2322
2458
2476
2303
2304
2402
2329
2387
2404
2477
2381
2317
2329
2383
2353
2425
2428
2408
2472
2358
2413
2435
2417
2302
2357
2421
2369
2456
2476
2380
2428
2462
2376
2426
2375
2484
2390
2408
2367
2569
2566
2423
2378
2473
2422
2466
2348
2445
2363
2382
2335
2325
2384
2448
2304
2566
2397
2415
2338
2370
2443
2504
2449
2456
2411
2499
2492
2399
2388
2381
2376
2500
2434
2300
2452
2340
2570
2330
2550
2465
2416
2338
2371
2308
2520
2603
2377
2550
2393
2724
2644
2320
2339
2625
2319
2426
2465
2340
2510
2443
2369
2436
2413
2256
2354
2444
2441
2310
2442
2380
2385
2371
2388
2451
2453
2367
2370
2401
2298
2378
2405
2376
2405
2407
2360
2382
2438
2401
2406
2407
2446
2379
2408
2287
2409
2393
2451
2272
2321
2509
2558
2409
2334
2458
2360
2414
2392
2415
2423
2432
2375
2324
2426
2395
2377
2356
2432
2443
2400
2375
2426
2479
2277
2384
2391
2381
2379
2337
2412
2393
2323
2349
2301
2412
2331
2331
2441
2402
2450
2402
2399
2337
2375
2417
2341
2448
2333
2365
2343
2318
2338
2400
2461
2382
2347
2496
2355
2376
2351
2379
2358
2463
2397
2570
2459
2451
2338
2439
2362
2342
2321
2577
2469
2346
2449
2347
2420
2335
2460
2324
2395
2314
2378
2539
2416
2483
2589
2459
2505
2447
2491
2495
2535
2376
2400
2363
2442
2388
2434
2458
2353
2280
2316
2350
2364
2437
2287
2411
2312
2460
2448
2401
2376
2330
2462
2399
2508
2605
2354
2386
2329
2647
2394
2330
2397
2513
2394
2516
2527
2391
2458
2379
2447
2326
2438
2431
2412
2325
2441
2305
2417
2374
2427
2422
2341
2488
2619
2390
2417
2425
2360
2519
2323
2511
2385
2428
2462
2367
2403
2288
2398
2384
2564
2379
2713
2365
2322
2375
2418
2449
2409
2414
2414
2544
2433
2386
2372
2441
2514
2384
2294
2520
2451
2378
2491
