2651
2360
2396
2335
2523
2540
2344
2354
2611
2530
2585
2406
2407
2266
2548
2330
2383
2327
2659
2441
2325
2448
2333
2419
2389
2638
2420
2395
2431
2418
2442
2443
2484
2456
2325
2307
2439
2430
2395
2380
2397
2308
2381
2392
2417
2428
2572
2405
2369
2456
2403
2477
2424
2398
2348
2528
2391
2424
2412
2413
2525
2471
2302
2465
2378
2390
2406
2393
2578
2433
2411
2421
2305
2428
2396
2493
2404
2333
2398
2398
2380
2571
2424
2449
2411
2332
2429
2396
2381
2408
2524
2328
2432
2338
2329
2406
2485
2390
2308
2437
2412
2434
2354
2481
2386
2291
2388
2602
2407
2373
2396
2670
2332
2345
2439
2509
2437
2407
2325
2400
2522
2376
2464
2494
2523
2483
2326
2380
2454
2506
2451
2425
2589
2502
2438
2368
2364
2370
2456
2317
2497
2456
2394
2436
2399
2316
2448
2465
2380
2513
2449
2427
2544
2335
2504
2474
2392
2502
2509
2509
2522
2366
2309
2476
2352
2292
2424
2369
2367
2373
2593
2432
2402
2434
2326
2445
2463
2354
2490
2373
2483
2354
2383
2404
2418
2362
2411
2464
2428
2392
2395
2303
2409
2569
2510
2316
2458
2349
2484
2403
2368
2382
2358
2635
2403
2333
2358
2528
2437
2319
2373
2476
2429
2436
2459
2460
2479
2387
2416
2436
2393
2496
2410
2429
2443
2370
2403
2358
2436
2399
2644
2353
2359
2412
2428
2486
2412
2328
2350
2551
2333
2407
2456
2435
2403
2308
2589
2365
2559
2427
2480
2351
2446
2430
2276
2410
2424
2368
2303
2350
2478
2372
2554
2383
2315
2322
2390
2476
2516
2453
2351
2337
2328
2305
2453
2700
2380
2633
2396
2455
2372
2401
2445
2351
2264
2417
2496
2379
2458
2406
2526
2351
2467
2506
2337
2457
2375
2424
2324
2412
2366
2478
2384
2446
2341
2467
2402
2436
2333
2477
2470
2477
2403
2386
2403
2351
2360
2460
2375
2305
2391
2468
2509
2285
2563
2437
2353
2539
2464
2415
2388
2357
2463
2417
2346
2397
2379
2453
2286
2458
2382
2422
2306
2361
2496
2343
2362
2539
2413
2379
2480
2365
2434
2565
2434
2375
2463
2314
2589
2462
2327
2421
2428
2488
2357
2511
2390
2479
2407
2575
2383
2371
2590
2320
2453
2428
2467
2413
2408
2395
2506
2400
2325
2542
2414
2563
2411
2411
2368
2567
2303
2432
2468
2428
2240
2485
2411
2311
2358
2465
2347
2529
2456
2500
2440
2327
2439
2389
2299
2323
2448
2323
2456
2364
2394
2400
2396
2497
2356
2458
2407
2350
2405
2388
2406
2534
2503
2608
2399
2335
2387
2424
2528
2322
2648
2341
2347
2354
2494
2452
2365
2456
2358
2280
2418
2351
2348
2339
2508
2438
2368
2505
2478
2374
2399
2403
2344
2324
2346
2364
2512
2424
2387
2387
2310
2333
2464
2451
2369
2507
2451
2444
2463
2353
2559
2458
2327
2279
2381
2593
2367
2443
2498
2302
2447
2487
2320
2374
2526
2355
2289
2367
2492
2298
2497
2382
2293
2391
2429
2532
