2502
2826
2520
2385
2718
2537
2745
2909
2453
2827
2425
2349
2979
2180
2360
2565
2672
2596
2870
2188
2394
2452
2509
2488
2358
2307
2544
2668
2560
3124
2266
2568
2559
2229
2434
2178
2586
2355
2871
3144
2559
2594
3145
2284
2503
2680
2533
2529
2290
2417
2458
2379
2734
2571
2659
2581
2496
2598
2516
3126
3110
2609
2465
2787
2656
2589
2874
2439
2498
2467
2724
2498
2752
2898
2617
2719
2544
2625
2664
2519
2374
2339
2559
2558
2419
2534
2379
2528
2299
2774
2466
2668
2490
2498
3057
2655
2560
2343
2806
2640
2627
2308
2709
2466
2850
2326
2269
2757
2669
2436
2756
3806
2481
2370
2516
2509
2715
2639
2451
2631
2628
2439
3037
2615
2430
2598
2241
2514
2765
2360
2443
2484
2302
2680
2584
2734
2555
2559
2618
2321
2656
2532
2585
2908
2509
2638
2631
2589
2413
2396
2429
2581
2464
2703
2427
2288
2398
2215
2519
2425
2623
2355
2744
2536
2962
2676
2592
2663
2703
3336
2186
2705
3250
2591
2743
2289
2261
2798
2876
2640
2593
2593
2906
3072
2429
2767
2323
2642
2446
2534
2929
3054
2694
2486
2386
2291
2343
3263
2490
2355
