2399
2437
2843
2623
2469
2609
2298
2290
2339
2528
2435
2385
2615
2494
2292
2365
2392
2494
2385
2359
2547
2248
2282
2500
2252
2284
2457
2517
2383
2368
2539
2496
2439
2381
2594
2404
2313
2270
2277
2325
2368
2351
2428
2408
2330
2418
2318
2333
2273
2253
2538
2405
2404
2205
2350
2306
2269
2748
2307
2468
2274
2380
2347
2542
2263
2399
2679
2434
2542
2365
2416
2377
2281
2251
2350
2427
2487
2514
2512
2314
2271
2456
2324
2539
2352
2350
2291
2350
2333
2530
2304
2477
2339
2331
2327
2398
2417
2330
2349
2496
2330
2259
2321
2472
2358
2323
2300
2265
2326
2358
2304
2350
2343
2382
2453
2322
2514
2498
2414
2420
2461
2427
2329
2454
2308
2307
2446
2451
2484
2222
2668
2315
2461
2462
2355
2333
2332
2532
2287
2610
2317
2448
2552
2420
2451
2507
2316
2544
2470
2332
2417
2320
2573
2394
2397
2483
2532
2340
2552
2439
2348
2289
2349
2372
2302
2503
2424
2400
2394
2454
2307
2344
2371
2381
2413
2386
2514
2479
2319
2348
2406
2350
2528
2411
2440
2326
2353
2435
2419
2345
2305
2408
2478
2454
2362
2274
2382
2365
2419
2438
