2714
2698
2484
2559
2522
2601
2389
2386
2656
2325
2488
2851
2556
2796
2640
2477
2843
2587
2458
2710
2447
3037
2351
3003
2650
2373
2512
2617
2907
2654
2472
2540
2976
2686
2474
2362
2446
2719
2528
2575
2424
2506
2817
2683
2627
2810
2569
2516
2390
2387
2659
2819
2271
2529
2308
2518
2354
2324
2307
2735
2434
2225
2402
2826
2428
2531
2506
2610
2501
2968
2840
2499
2562
2355
2521
2713
2439
2501
2373
2452
2858
2392
2838
3181
2539
2410
2601
2744
2810
2717
2545
2733
2419
3128
2448
2680
2463
2476
2788
2568
2550
2860
2708
2350
2312
2641
2721
2637
2742
2865
2839
2653
2275
2525
2599
2608
2552
3077
2634
2906
2495
2587
2599
2532
2940
2302
2994
2624
2546
2322
2531
2514
2803
2384
2893
2488
2592
2328
2439
2485
2396
3110
2331
2436
2633
2922
2592
2545
2673
2408
2691
2250
2437
2982
3063
2314
2736
3231
2827
2424
2686
2419
2592
2611
2662
2967
2731
2220
2442
2511
2416
2686
2634
2354
2461
2723
3371
2772
2571
2430
2671
2565
2363
2602
2302
2873
2420
2572
2283
2772
2702
2536
2509
2682
2411
2795
2548
2674
2282
2358
