2763
2819
3033
2906
3898
4644
2849
2693
2929
2754
2818
2568
2980
2977
2551
4313
3415
2507
3013
3159
2735
3282
2881
2630
2998
2810
2885
3227
4151
2957
3014
2460
3274
3313
2940
2781
3140
2878
3266
4235
2907
2535
2714
2984
3275
5037
4743
3133
3245
2729
2704
2874
2675
3105
3036
2574
2667
2767
3145
3304
2616
2760
3022
3375
2813
2958
2775
2764
2746
3350
2856
2850
3852
3928
3102
2546
4035
3284
3363
2707
3298
3018
2844
3145
3041
3020
2652
3507
3236
2469
2800
5312
2649
2998
2907
5317
3651
2788
2699
2870
3035
2899
2902
3468
2767
2663
4278
4291
4818
3793
3389
3490
2711
4134
3842
3409
2818
2913
4616
2734
3179
2606
4313
2887
2742
2639
2880
2928
2816
2810
3048
2821
3597
3032
2569
3191
3163
2754
3393
2593
3088
2591
3127
6420
3484
3767
2747
2901
3336
2740
3224
2763
2865
3146
2870
2561
2819
2718
3232
2574
3226
3018
3643
3041
2734
3587
2935
3220
2688
2863
2642
2881
2679
2793
2986
2491
2801
3251
2829
3425
3198
2714
3228
2962
4150
2620
3087
3500
2878
2673
2996
2735
4486
4594
3136
3203
2871
4022
3050
4468
