2850
3026
2766
2898
2792
3005
2638
2611
3180
4216
2832
2630
3458
2935
3223
3904
2877
2885
2700
2716
4468
2720
3552
3125
2955
2729
2460
2587
2645
3097
3234
2827
3218
2787
2683
2973
2922
3084
2599
4047
2646
3936
2835
3517
3428
2605
5626
3156
2784
4650
2599
2644
2910
2702
2673
2584
3111
3543
3664
3368
2706
2998
2816
3011
2988
2873
3374
4696
2754
2777
3988
2710
3604
2684
3924
3685
2940
3098
2801
4602
2904
3463
2799
3949
2903
2631
2727
2908
2968
2716
3222
2537
3246
2792
3174
2737
2775
2652
3675
2769
3257
2562
3039
2929
3387
3045
2866
2916
4117
2704
2899
3341
6057
2633
2799
2647
2766
2827
2799
2815
3613
2810
3062
3133
3208
3123
2656
2726
2728
2782
3260
3349
2621
2949
2759
2983
3474
4239
2761
3138
3581
2836
3424
3242
2862
2994
4275
2951
2575
2882
2898
2686
2988
2676
2883
3944
3299
3102
2750
3950
2563
2699
3121
2605
3131
4235
2778
2997
2616
3810
2863
2749
2805
2714
3073
2797
2722
2933
2706
3268
3153
5746
3255
3498
3525
3611
3404
2814
2811
2747
2827
3448
2662
3538
4297
3190
2688
2937
2794
3432
