2504
2864
2556
2668
2620
2724
2298
2559
2841
2582
2628
2631
2229
2574
2488
2642
2653
2518
2239
2461
2848
2258
2487
2654
2969
2302
2578
2435
3023
2451
2659
2386
2736
2491
2786
2390
3105
2673
2611
2422
2830
2602
2505
2675
2685
2523
2499
2491
2510
2424
2541
2699
2971
2794
2634
2390
2911
2627
2625
2584
2354
3034
2373
2489
2415
2649
2167
2573
2403
2640
2454
3078
2321
2590
2566
2585
2408
2372
2572
3259
2781
2658
2434
2560
2217
2469
2381
2338
2382
2716
2797
2222
2529
2517
2527
2483
2769
2370
2805
2484
2538
2805
2470
2950
2662
2868
2364
2263
2221
2582
2468
2613
2635
2918
2633
2411
2471
2833
2385
2418
2874
2618
2601
2747
2827
2496
2538
2476
2578
2603
2718
2424
2302
2342
2748
2580
2545
2776
2948
2311
2518
2962
2468
2494
2899
2359
2554
2783
2469
2505
2270
2502
2754
2747
2773
2439
2376
2315
2274
2328
2509
2166
2680
2769
2694
2418
2342
2866
2784
2306
2932
2427
2676
2794
2411
2576
2472
2736
2552
2459
2534
2318
2549
2484
2490
2548
2352
2787
2587
2297
2636
2349
2667
2680
2367
2442
2310
2298
2360
2646
