2295
2369
2244
2255
2341
2244
2261
2369
2145
2445
2358
2641
2446
2607
2246
2381
2454
2284
2352
2530
2419
2502
2200
2361
2374
2387
2308
2269
2314
2264
2278
2359
2439
2315
2265
2484
2492
2231
2463
2343
2316
2277
2347
2344
2511
2452
2294
2310
2610
2273
2175
2359
2403
2394
2396
2447
2412
2308
2334
2460
2253
2495
2233
2206
2332
2209
2349
2314
2264
2299
2487
2422
2285
2348
2284
2203
2222
2225
2370
2340
2322
2177
2194
2388
2347
2231
2491
2448
2337
2227
2247
2474
2238
2347
2451
2376
2358
2384
2353
2220
2243
2603
2326
2428
2222
2319
2397
2336
2442
2297
2425
2361
2426
2300
2251
2335
2326
2596
2263
2537
2199
2442
2367
2388
2289
2753
2398
2271
2515
2358
2373
2267
2194
2390
2244
2302
2353
2339
2290
2324
2526
2251
2282
2371
2235
2266
2248
2465
2247
2615
2280
2443
2445
2255
2213
2312
2391
2328
2377
2317
2440
2327
2324
2275
2361
2498
2268
2295
2459
2312
2287
2345
2265
2230
2463
2270
2216
2385
2399
2236
2684
2211
2325
2566
2313
2262
2251
2180
2559
2340
2451
2289
2231
2358
2397
2466
2263
2261
2423
2352
