2535
2647
2664
2489
2450
2371
2350
2479
2594
2691
2301
2517
2299
2591
2444
2607
2869
2548
2463
2434
2839
2771
2431
2256
2755
2678
2578
2766
2458
2979
2388
2462
2585
2496
2723
2521
2514
2385
2760
2675
2992
2935
2535
2364
2809
2254
2672
2462
2608
2554
2423
2287
2335
2704
2383
2932
2541
2671
2424
2391
2384
2929
2346
2597
2314
2554
2822
2465
2528
2543
2827
2562
2410
2464
2554
2436
2531
2567
2364
3087
2316
2688
2747
2622
2758
2494
2683
2676
2506
2689
2696
2460
2650
2622
2464
2709
2541
3132
2453
2621
2520
2790
2500
2277
2474
2514
2565
2503
2798
2770
2962
2481
2350
2722
2354
2559
2652
2675
2506
2603
2650
2580
3000
2466
2552
2634
2524
3067
2628
2637
3094
2492
2448
2293
2798
2365
2581
2770
2388
2421
2705
2623
2598
2522
2447
2630
2729
2240
2450
2813
2663
2720
2435
2559
3089
2451
2452
2558
2315
2267
2422
2254
2242
2209
2584
2669
2927
2590
2683
2831
2325
2584
2767
2606
2719
2242
2803
2530
2598
2838
2544
2512
2857
2570
2760
2468
2535
2374
2406
2235
2886
2449
2633
2614
2712
2397
2457
2369
2903
2310
