3398
2851
3682
3099
3731
3415
2832
3238
4294
2813
2959
2844
2720
3115
2693
2709
3599
2699
3331
4669
2690
3451
2823
3764
2936
3143
2913
3123
2811
6739
2838
3111
2604
3400
2890
3657
2840
2667
2558
3327
3199
2961
3119
3059
2955
3009
3160
3932
2904
3172
2874
3030
4006
2511
2662
2742
2719
3173
3129
2692
3551
4274
3717
2953
2685
3152
2574
3246
2804
2507
2787
2835
2707
3026
3801
2652
2744
2587
3531
4195
2844
2896
2647
2631
3790
2697
3118
3577
3248
2532
2778
2859
2927
2820
2751
3731
3836
3233
2645
2888
2729
3766
2991
2865
2627
2807
2968
3625
2739
2672
2858
2933
3484
3353
3188
2683
3528
2825
2807
2879
2866
3017
4778
3602
2695
4220
2709
2658
2799
3603
2763
2881
3418
2687
3937
3489
3759
2463
2952
4013
3887
3095
2624
3405
2838
2808
2878
3003
2746
2953
3092
2699
2809
2619
2656
3002
3305
3056
3777
2775
2852
2574
4066
3167
2772
2640
3338
2606
2679
2905
3229
2814
2751
2953
2917
3270
3925
4460
3655
2672
2829
2798
3550
4029
2724
4150
2673
2905
3553
2607
3512
3189
2869
2857
5219
2832
3457
2734
2813
2853
