2750
2617
3761
3638
2713
3163
2726
2937
2814
2694
2679
3881
2997
2707
2746
2690
2630
3119
5382
2712
2692
2646
2881
3090
3783
2983
3174
4120
2682
2763
2791
3054
2692
2847
3722
3313
2810
4590
2767
2959
3398
3677
3469
3424
2958
2807
2569
2946
2876
2688
3643
2726
2939
3285
3180
2554
2887
2624
2952
2854
3016
3238
3249
3490
3167
3004
2693
2561
3164
3196
2669
2993
2933
2994
3155
3076
2779
3982
2691
3089
2964
3974
3116
2717
2563
2694
3217
2947
4018
2670
2836
2665
3507
4453
3513
2600
3730
2868
2886
5044
3866
2948
2979
2639
2981
2867
2939
2872
3245
3262
3158
3974
2467
2581
3478
2717
3177
3321
3638
3246
2544
2810
3852
3285
2830
2841
3869
2930
4045
2678
2834
3236
2722
2681
2698
3067
2912
3786
4048
2890
2885
3176
2985
3286
3233
2694
2866
2806
2800
3081
3149
4392
2735
3860
3381
2818
2858
3358
2733
3035
3627
3761
3824
3943
4322
2664
2635
2574
2741
2696
2631
2752
4751
2884
2657
2621
5011
3344
2667
2685
3646
3208
3732
4008
5669
3728
3055
2971
2818
2972
3800
2890
3224
2610
2789
3087
2609
2868
2597
3331
