2298
2566
2611
2372
2286
2241
2404
2419
2465
2281
2344
2857
2520
2569
2603
2298
2317
2796
2539
2330
2384
2386
2410
2350
2338
2318
2342
2394
2295
2319
2543
2484
2456
2356
2260
2654
2142
2335
2722
2514
2282
2253
2341
2482
2627
2422
2735
2435
2817
2606
2211
2759
2380
2272
2406
2438
2308
2299
2430
2263
2822
2289
2451
2352
2335
2639
2583
2387
2392
2357
2340
2416
2616
2240
2536
2487
2209
2436
2388
2909
3005
2330
2862
2450
2592
2227
2501
3221
2668
2296
2305
2606
2310
2558
2451
2836
2517
2235
2194
2296
2340
2205
2384
2842
2367
2474
2252
2331
2396
3072
2229
2434
2586
2468
2478
2794
2567
2221
2295
2351
2712
2433
2513
2408
2346
2414
2287
2451
2244
2927
2280
2360
2634
2565
2359
2698
2449
2472
2240
2291
2824
2402
2314
2284
2353
2266
2539
2383
2296
2666
2532
2368
2279
2403
2604
2507
2694
2492
2413
2238
2322
2305
2502
2242
2514
2453
2578
2289
2660
2922
2682
2731
2609
2367
2640
2373
2415
2735
2289
2283
2384
2600
2568
2437
2400
2563
2397
2400
2325
2445
2752
2689
2464
2371
2195
2443
2307
2273
2484
2354
