2279
2291
2487
2204
2458
2311
2399
2419
2364
2377
2372
2355
2379
2322
2469
2371
2343
2302
2463
2414
2344
2471
2280
2312
2401
2289
2306
2306
2350
2406
2331
2441
2338
2478
2304
2419
2362
2424
2394
2411
2384
2444
2277
2237
2506
2465
2299
2427
2413
2248
2515
2283
2298
2342
2317
2276
2243
2417
2313
2430
2398
2370
2355
2362
2243
2224
2311
2349
2363
2364
2387
2492
2335
2345
2419
2354
2305
2277
2388
2386
2376
2225
2379
2404
2297
2437
2303
2344
2327
2230
2348
2266
2271
2270
2336
2478
2417
2343
2259
2475
2263
2447
2315
2350
2340
2423
2427
2467
2292
2370
2323
2455
2416
2304
2359
2235
2371
2355
2388
2253
2212
2401
2271
2319
2353
2396
2268
2385
2229
2403
2238
2457
2499
2317
2275
2286
2314
2521
2306
2233
2326
2279
2648
2416
2503
2311
2335
2536
2394
2401
2397
2479
2281
2403
2397
2367
2361
2296
2404
2241
2275
2313
2330
2435
2481
2475
2280
2313
2315
2413
2383
2337
2391
2440
2300
2327
2305
2388
2321
2411
2496
2259
2414
2400
2375
2304
2338
2354
2441
2358
2405
2402
2264
2283
2354
2251
2469
2652
2386
2392
