2220
2240
2272
2275
2275
2209
2242
2239
2265
2349
2273
2258
2233
2250
2297
2266
2271
2267
2267
2243
2208
2243
2245
2220
2274
2225
2215
2223
2274
2218
2218
2245
2275
2201
2288
2211
2279
2187
2224
2222
2205
2260
2210
2254
2223
2307
2194
2222
2258
2314
2246
2268
2296
2233
2204
2228
2201
2279
2296
2312
2213
2251
2232
2291
2220
2220
2248
2241
2266
2320
2259
2308
2281
2207
2224
2206
2314
2221
2304
2264
2185
2260
2275
2248
2238
2259
2282
2203
2227
2206
2253
2236
2257
2279
2243
2178
2277
2296
2208
2250
2280
2211
2264
2226
2206
2228
2292
2196
2219
2220
2266
2254
2237
2235
2178
2244
2238
2237
2260
2267
2299
2241
2225
2252
2276
2273
2334
2199
2201
2297
2269
2275
2316
2232
2223
2211
2216
2290
2176
2241
2243
2249
2181
2217
2290
2237
2219
2251
2238
2192
2207
2219
2246
2268
2263
2213
2268
2357
2255
2268
2276
2255
2257
2274
2217
2229
2181
2190
2214
2188
2313
2184
2248
2247
2301
2245
2183
2290
2228
2248
2202
2169
2267
2310
2209
2207
2236
2203
2211
2286
2205
2353
2260
2232
2253
2212
2214
2233
2222
2243
2220
2230
2207
2214
2239
2199
2287
2179
2338
2240
2247
2209
2238
2254
2208
2250
2333
2265
2275
2213
2203
2246
2246
2210
2229
2300
2262
2304
2293
2251
2238
2228
2265
2251
2217
2219
2226
2298
2200
2234
2363
2231
2309
2311
2164
2238
2250
2167
2339
2187
2240
2258
2202
2221
2218
2226
2335
2207
2255
2227
2216
2283
2250
2237
2218
2243
2275
2233
2239
2297
2231
2222
2228
2186
2311
2160
2256
2235
2201
2223
2286
2193
2246
2245
2259
2185
2217
2241
2282
2181
2224
2235
2312
2182
2251
2221
2246
2216
2227
2281
2245
2231
2197
2238
2283
2164
2227
2221
2204
2177
2239
2260
2197
2253
2232
2207
2203
2255
2250
2227
2173
2219
2296
2294
2247
2245
2211
2281
2320
2264
2214
2317
2253
2256
2214
2204
2290
2251
2259
2239
2276
2224
2255
2216
2190
2282
2258
2185
2379
2288
2272
2238
2220
2243
2224
2184
2257
2246
2230
2252
2299
2251
2268
2262
2231
2240
2170
2236
2290
2228
2241
2225
2196
2347
2310
2186
2240
2293
2196
2234
2232
2303
2242
2241
2227
2245
2214
2248
2249
2259
2231
2322
2210
2277
2334
2201
2307
2217
2179
2285
2243
2264
2190
2171
2354
2250
2236
2225
2212
2205
2191
2261
2242
2186
2193
2224
2257
2255
2255
2275
2217
2248
2255
2208
2264
2295
2259
2239
2253
2233
2222
2203
2304
2176
2265
2363
2196
2235
2244
2255
2224
2270
2221
2236
2214
2283
2260
2204
2207
2215
2193
2198
2213
2247
2205
2335
2195
2221
2224
2228
2319
2299
2250
2212
2242
2197
2273
2265
2221
2232
2203
2243
2309
2224
2238
2194
2219
2224
2237
2244
2282
2286
2241
2334
2229
2212
2201
2222
2232
2244
2257
2343
2293
2175
2206
2272
2191
2293
2225
2232
