2291
2277
2297
2254
2259
2314
2254
2235
2253
2237
2223
2261
2279
2305
2293
2263
2212
2234
2360
2322
2216
2243
2357
2188
2370
2281
2212
2206
2299
2248
2321
2238
2267
2280
2259
2235
2327
2308
2311
2255
2230
2207
2238
2211
2304
2363
2238
2300
2332
2268
2246
2316
2234
2323
2290
2162
2217
2238
2263
2293
2262
2264
2247
2312
2217
2232
2214
2215
2226
2237
2293
2248
2254
2290
2189
2291
2241
2268
2236
2249
2288
2309
2239
2158
2321
2365
2211
2255
2323
2206
2231
2211
2272
2303
2142
2249
2313
2224
2257
2336
2303
2253
2322
2310
2293
2203
2206
2231
2280
2309
2261
2230
2265
2229
2339
2223
2246
2277
2260
2202
2340
2217
2291
2240
2205
2265
2241
2264
2232
2145
2299
2314
2273
2270
2262
2283
2251
2289
2258
2267
2246
2175
2303
2457
2372
2251
2339
2224
2237
2336
2278
2273
2322
2211
2183
2264
2282
2273
2335
2256
2325
2320
2266
2290
2282
2364
2224
2267
2235
2353
2225
2320
2179
2319
2220
2277
2204
2325
2250
2272
2217
2298
2236
2304
2235
2292
2262
2256
2232
2221
2283
2356
2315
2305
2330
2238
2310
2254
2256
2388
2259
2285
2220
2244
2300
2213
2266
2303
2264
2249
2255
2277
2243
2282
2270
2239
2258
2236
2192
2263
2253
2363
2278
2230
2346
2215
2297
2263
2241
2225
2238
2165
2271
2260
2263
2187
2385
2272
2264
2247
2201
2178
2261
2245
2199
2258
2220
2269
2287
2177
2223
2272
2248
2227
2224
2316
2215
2226
2302
2194
2208
2315
2183
2245
2298
2253
2265
2312
2246
2339
2253
2203
2335
2295
2277
2264
2247
2238
2236
2271
2246
2283
2278
2183
2279
2358
2247
2246
2318
2236
2302
2259
2265
2250
2280
2291
2258
2335
2251
2284
2265
2237
2208
2282
2272
2181
2224
2212
2239
2210
2334
2328
2198
2270
2236
2235
2292
2331
2260
2270
2297
2293
2308
2312
2246
2309
2263
2276
2277
2301
2296
2203
2211
2284
2209
2243
2254
2278
2263
2261
2294
2303
2269
2245
2235
2341
2247
2280
2321
2232
2251
2339
2339
2267
2265
2230
2269
2255
2250
2197
2267
2275
2238
2220
2324
2262
2230
2208
2235
2233
2266
2289
2187
2221
2269
2203
2310
2299
2278
2238
2257
2237
2257
2340
2354
2249
2233
2296
2192
2239
2240
2248
2279
2310
2240
2249
2237
2218
2242
2251
2293
2259
2308
2318
2280
2248
2244
2319
2248
2240
2229
2248
2189
2264
2232
2320
2285
2267
2266
2246
2213
2237
2253
2210
2159
2193
2271
2222
2242
2291
2268
2217
2277
2202
2258
2270
2281
2335
2260
2316
2269
2248
2216
2172
2190
2241
2222
2282
2215
2240
2311
2148
2261
2297
2180
2250
2304
2194
2351
2313
2251
2240
2327
2304
2222
2286
2233
2246
2251
2362
2149
2230
2237
2232
2250
2210
2205
2171
2319
2213
2302
2224
2300
2304
2216
2241
2282
2222
2247
2278
2296
2241
2252
2312
2270
2209
2225
2250
2317
2269
