2290
2212
2243
2302
2236
2260
2299
2213
2244
2178
2290
2259
2257
2224
2225
2277
2226
2308
2271
2356
2268
2217
2257
2225
2183
2295
2230
2293
2215
2252
2331
2280
2198
2245
2273
2361
2198
2193
2229
2222
2211
2216
2217
2181
2508
2243
2300
2262
2266
2289
2278
2208
2242
2292
2248
2314
2215
2244
2230
2218
2203
2248
2213
2273
2221
2202
2259
2235
2210
2222
2291
2259
2211
2233
2211
2272
2186
2217
2303
2248
2289
2241
2253
2248
2256
2170
2189
2191
2268
2220
2208
2268
2253
2216
2217
2205
2186
2187
2196
2221
2272
2213
2210
2325
2308
2256
2337
2243
2296
2207
2258
2203
2254
2205
2193
2296
2268
2219
2204
2318
2249
2298
2384
2281
2200
2244
2242
2221
2236
2228
2202
2228
2219
2210
2257
2321
2263
2209
2275
2299
2230
2197
2251
2240
2306
2224
2267
2271
2234
2271
2233
2282
2245
2192
2285
2219
2234
2242
2262
2299
2192
2172
2231
2327
2255
2177
2245
2266
2259
2273
2224
2173
2302
2258
2196
2229
2209
2270
2243
2290
2276
2277
2305
2288
2204
2255
2289
2234
2278
2202
2177
2198
2197
2199
2239
2249
2240
2282
2255
2217
2335
2268
2202
2202
2258
2231
2220
2275
2289
2239
2278
2170
2292
2215
2261
2173
2217
2263
2216
2222
2207
2207
2225
2264
2245
2284
2258
2303
2248
2229
2264
2243
2225
2245
2257
2313
2254
2165
2189
2242
2371
2304
2210
2285
2233
2206
2271
2250
2269
2268
2176
2220
2216
2254
2259
2281
2260
2255
2159
2259
2274
2247
2259
2250
2217
2257
2248
2216
2238
2217
2214
2258
2202
2294
2384
2238
2255
2286
2254
2266
2327
2229
2241
2234
2181
2240
2224
2260
2242
2231
2225
2248
2263
2280
2249
2220
2251
2202
2299
2216
2226
2192
2212
2185
2321
2191
2241
2240
2193
2234
2268
2218
2298
2239
2217
2223
2263
2251
2242
2311
2326
2273
2252
2255
2219
2274
2238
2228
2202
2240
2232
2200
2263
2276
2240
2241
2181
2209
2271
2297
2205
2256
2193
2303
2198
2228
2193
2240
2222
2265
2217
2242
2225
2239
2228
2274
2210
2286
2221
2273
2289
2239
2276
2230
2216
2264
2230
2273
2209
2211
2242
2246
2252
2261
2200
2240
2247
2240
2292
2177
2271
2196
2263
2288
2248
2313
2234
2258
2193
2230
2214
2221
2200
2257
2227
2315
2207
2189
2294
2248
2199
2280
2249
2240
2259
2209
2203
2221
2215
2242
2176
2208
2197
2238
2305
2238
2304
2254
2246
2307
2281
2280
2311
2302
2211
2249
2264
2278
2275
2314
2216
2206
2309
2318
2209
2218
2272
2194
2220
2253
2189
2233
2214
2296
2248
2228
2206
2223
2281
2170
2225
2247
2196
2308
2217
2215
2224
2237
2282
2239
2300
2237
2300
2164
2304
2269
2222
2207
2195
2232
2217
2205
2266
2379
2214
2234
2183
2306
2212
2274
2284
2184
2251
2209
2218
2302
2312
2189
2227
2254
2236
2288
2224
2240
2249
2202
2334
2290
2310
2277
