2247
2200
2311
2231
2202
2243
2221
2244
2226
2186
2242
2223
2245
2217
2243
2207
2251
2204
2261
2244
2219
2207
2181
2216
2246
2283
2223
2317
2243
2206
2195
2235
2273
2197
2236
2255
2219
2240
2302
2252
2247
2294
2214
2238
2265
2280
2220
2257
2296
2181
2233
2191
2238
2200
2271
2270
2170
2209
2215
2274
2290
2184
2263
2279
2274
2221
2181
2307
2259
2241
2211
2241
2233
2202
2313
2218
2241
2222
2265
2239
2270
2226
2315
2239
2225
2237
2206
2295
2204
2266
2230
2248
2219
2259
2239
2286
2207
2262
2222
2244
2239
2232
2217
2223
2231
2208
2213
2204
2221
2269
2208
2191
2235
2246
2209
2170
2225
2209
2198
2264
2318
2186
2199
2223
2228
2231
2172
2317
2234
2191
2268
2264
2240
2275
2194
2350
2225
2224
2241
2242
2204
2232
2198
2257
2244
2235
2270
2312
2216
2294
2227
2306
2200
2292
2285
2329
2277
2206
2280
2280
2263
2282
2228
2341
2294
2300
2266
2306
2294
2245
2213
2227
2221
2207
2297
2186
2211
2255
2205
2196
2210
2316
2214
2248
2237
2226
2361
2236
2287
2223
2220
2197
2262
2234
2247
2227
2222
2206
2256
2267
2223
2219
2208
2197
2214
2258
2281
2217
2227
2230
2203
2211
2213
2213
2232
2247
2242
2334
2250
2175
2256
2237
2235
2297
2247
2251
2255
2255
2253
2201
2215
2307
2207
2200
2213
2222
2237
2271
2261
2255
2271
2299
2202
2187
2263
2229
2227
2232
2253
2189
2283
2270
2187
2323
2227
2239
2222
2202
2241
2234
2192
2259
2189
2224
2273
2217
2261
2268
2237
2215
2216
2168
2241
2230
2190
2236
2177
2286
2226
2235
2243
2253
2233
2233
2202
2274
2249
2186
2204
2218
2213
2245
2264
2188
2251
2260
2309
2275
2252
2294
2265
2194
2231
2217
2206
2246
2220
2218
2243
2222
2269
2237
2271
2216
2256
2243
2234
2261
2238
2194
2227
2225
2229
2260
2178
2217
2204
2236
2230
2232
2224
2230
2211
2253
2250
2222
2206
2225
2240
2184
2211
2287
2220
2195
2261
2214
2189
2183
2267
2261
2236
2216
2276
2244
2212
2316
2283
2360
2215
2348
2193
2258
2236
2235
2248
2326
2225
2246
2225
2204
2314
2260
2226
2185
2253
2186
2258
2261
2306
2285
2189
2187
2214
2232
2299
2245
2239
2273
2242
2205
2247
2279
2204
2232
2200
2345
2247
2186
2197
2230
2279
2218
2216
2184
2229
2250
2281
2239
2252
2252
2262
2282
2333
2288
2255
2263
2239
2237
2207
2261
2287
2307
2231
2236
2335
2194
2222
2241
2176
2241
2290
2199
2244
2208
2225
2249
2262
2239
2373
2216
2243
2296
2281
2273
2239
2237
2316
2216
2229
2221
2327
2227
2190
2219
2206
2260
2280
2230
2252
2237
2188
2294
2291
2267
2222
2219
2243
2417
2245
2338
2258
2176
2197
2232
2258
2252
2234
2208
2269
2295
2207
2222
2186
2209
2192
2255
2258
2233
2287
2263
2241
2195
2270
2207
2229
2211
2241
2231
2267
2305
